"unitid","institution name","year","EF2022A.Level of student","EF2022A.Grand total","EF2022A.Grand total men","EF2022A.Grand total women","EF2022A.American Indian or Alaska Native total","EF2022A.American Indian or Alaska Native men","EF2022A.American Indian or Alaska Native women","EF2022A.Asian total","EF2022A.Asian men","EF2022A.Asian women","EF2022A.Black or African American total","EF2022A.Black or African American men","EF2022A.Black or African American women","EF2022A.Hispanic total","EF2022A.Hispanic men","EF2022A.Hispanic women","EF2022A.Native Hawaiian or Other Pacific Islander total","EF2022A.Native Hawaiian or Other Pacific Islander men","EF2022A.Native Hawaiian or Other Pacific Islander women","EF2022A.White total","EF2022A.White men","EF2022A.White women","EF2022A.Two or more races total","EF2022A.Two or more races men","EF2022A.Two or more races women","EF2022A.Race/ethnicity unknown total","EF2022A.Race/ethnicity unknown men","EF2022A.Race/ethnicity unknown women","EF2022A.U.S. Nonresident total","EF2022A.U.S. Nonresident men","EF2022A.U.S. Nonresident women","EF2022A.Gender unknown","EF2022A.Another gender","EF2022A.Total of gender unknown and another gender","EF2022A.Total gender reported as one of the mutually exclusive binary categories (Men/Women)","IDX_EF"
"100654","Alabama A & M University","2022","All students total","6007","2369","3638","16","6","10","16","7","9","5136","2011","3125","63","24","39","8","2","6","119","53","66","66","20","46","473","180","293","110","66","44","0",,"0","6007","-2"
"100654","Alabama A & M University","2022","All students, Undergraduate total","5206","2111","3095","13","4","9","11","6","5","4658","1868","2790","59","22","37","8","2","6","103","46","57","66","20","46","228","105","123","60","38","22","0",,"0","5206","-2"
"100654","Alabama A & M University","2022","All students, Undergraduate, Degree/certificate-seeking total","5196","2107","3089","13","4","9","10","5","5","4653","1866","2787","57","22","35","8","2","6","103","46","57","66","20","46","226","104","122","60","38","22",,,,,"-2"
"100654","Alabama A & M University","2022","All students, Undergraduate, Degree/certificate-seeking, First-time","1557","622","935","3","2","1","2","0","2","1388","542","846","22","4","18","4","1","3","19","8","11","23","6","17","77","42","35","19","17","2",,,,,"-2"
"100654","Alabama A & M University","2022","All students, Undergraduate, Other degree/certificate-seeking","3639","1485","2154","10","2","8","8","5","3","3265","1324","1941","35","18","17","4","1","3","84","38","46","43","14","29","149","62","87","41","21","20",,,,,"-2"
"100654","Alabama A & M University","2022","All students, Undergraduate, Non-degree/certificate-seeking","10","4","6","0","0","0","1","1","0","5","2","3","2","0","2","0","0","0","0","0","0","0","0","0","2","1","1","0","0","0",,,,,"-2"
"100654","Alabama A & M University","2022","All students, Graduate","801","258","543","3","2","1","5","1","4","478","143","335","4","2","2","0","0","0","16","7","9","0","0","0","245","75","170","50","28","22","0",,"0","801","-2"
"100654","Alabama A & M University","2022","All students, Undergraduate, Other degree/certificatee-seeking, Transfer-ins","209","87","122","1","0","1","0","0","0","172","71","101","3","1","2","0","0","0","19","8","11","5","2","3","4","3","1","5","2","3",,,,,"-2"
"100654","Alabama A & M University","2022","All students, Undergraduate, Other degree/certificatee-seeking, Continuing","3430","1398","2032","9","2","7","8","5","3","3093","1253","1840","32","17","15","4","1","3","65","30","35","38","12","26","145","59","86","36","19","17",,,,,"-2"
"100654","Alabama A & M University","2022","Full-time students total","5262","2074","3188","11","3","8","10","5","5","4549","1776","2773","54","20","34","7","2","5","97","41","56","62","18","44","379","150","229","93","59","34",,,,,"-2"
"100654","Alabama A & M University","2022","Full-time students, Undergraduate total","4794","1937","2857","11","3","8","9","5","4","4296","1712","2584","51","19","32","7","2","5","90","40","50","62","18","44","209","100","109","59","38","21",,,,,"-2"
"100654","Alabama A & M University","2022","Full-time students, Undergraduate, Degree/certificate-seeking total","4792","1936","2856","11","3","8","9","5","4","4295","1711","2584","50","19","31","7","2","5","90","40","50","62","18","44","209","100","109","59","38","21",,,,,"-2"
"100654","Alabama A & M University","2022","Full-time students, Undergraduate, Degree/certificate-seeking, First-time","1547","618","929","3","2","1","2","0","2","1381","540","841","22","4","18","4","1","3","18","8","10","23","6","17","75","40","35","19","17","2",,,,,"-2"
"100654","Alabama A & M University","2022","Full-time students, Undergraduate, Degree/certificate-seeking, Other degree/certificate-seeking","3245","1318","1927","8","1","7","7","5","2","2914","1171","1743","28","15","13","3","1","2","72","32","40","39","12","27","134","60","74","40","21","19",,,,,"-2"
"100654","Alabama A & M University","2022","Full-time students, Undergraduate, Non-degree/certificate-seeking","2","1","1","0","0","0","0","0","0","1","1","0","1","0","1","0","0","0","0","0","0","0","0","0","0","0","0","0","0","0",,,,,"-2"
"100654","Alabama A & M University","2022","Full-time students, Graduate","468","137","331","0","0","0","1","0","1","253","64","189","3","1","2","0","0","0","7","1","6","0","0","0","170","50","120","34","21","13",,,,,"-2"
"100654","Alabama A & M University","2022","Full-time students, Undergraduate, Other degree/certificatee-seeking, Transfer-ins","196","82","114","1","0","1","0","0","0","164","67","97","1","1","0","0","0","0","17","7","10","5","2","3","4","3","1","4","2","2",,,,,"-2"
"100654","Alabama A & M University","2022","Full-time students, Undergraduate, Other degree/certificatee-seeking, Continuing","3049","1236","1813","7","1","6","7","5","2","2750","1104","1646","27","14","13","3","1","2","55","25","30","34","10","24","130","57","73","36","19","17",,,,,"-2"
"100654","Alabama A & M University","2022","Part-time students total","745","295","450","5","3","2","6","2","4","587","235","352","9","4","5","1","0","1","22","12","10","4","2","2","94","30","64","17","7","10",,,,,"-2"
"100654","Alabama A & M University","2022","Part-time students, Undergraduate total","412","174","238","2","1","1","2","1","1","362","156","206","8","3","5","1","0","1","13","6","7","4","2","2","19","5","14","1","0","1",,,,,"-2"
"100654","Alabama A & M University","2022","Part-time students, Undergraduate, Degree/certificate-seeking total","404","171","233","2","1","1","1","0","1","358","155","203","7","3","4","1","0","1","13","6","7","4","2","2","17","4","13","1","0","1",,,,,"-2"
"100654","Alabama A & M University","2022","Part-time students, Undergraduate, Degree/certificate-seeking, First-time","10","4","6","0","0","0","0","0","0","7","2","5","0","0","0","0","0","0","1","0","1","0","0","0","2","2","0","0","0","0",,,,,"-2"
"100654","Alabama A & M University","2022","Part-time students, Undergraduate, Degree/certificate-seeking, Other degree/certificate-seeking","394","167","227","2","1","1","1","0","1","351","153","198","7","3","4","1","0","1","12","6","6","4","2","2","15","2","13","1","0","1",,,,,"-2"
"100654","Alabama A & M University","2022","Part-time students, Undergraduate, Non-degree/certificate-seeking","8","3","5","0","0","0","1","1","0","4","1","3","1","0","1","0","0","0","0","0","0","0","0","0","2","1","1","0","0","0",,,,,"-2"
"100654","Alabama A & M University","2022","Part-time students, Graduate","333","121","212","3","2","1","4","1","3","225","79","146","1","1","0","0","0","0","9","6","3","0","0","0","75","25","50","16","7","9",,,,,"-2"
"100654","Alabama A & M University","2022","Part-time students, Undergraduate, Other degree/certificatee-seeking, Transfer-ins","13","5","8","0","0","0","0","0","0","8","4","4","2","0","2","0","0","0","2","1","1","0","0","0","0","0","0","1","0","1",,,,,"-2"
"100654","Alabama A & M University","2022","Part-time students, Undergraduate, Other degree/certificatee-seeking, Continuing","381","162","219","2","1","1","1","0","1","343","149","194","5","3","2","1","0","1","10","5","5","4","2","2","15","2","13","0","0","0",,,,,"-2"
"100663","University of Alabama at Birmingham","2022","All students total","21639","7903","13736","36","12","24","1551","604","947","4590","1272","3318","1111","411","700","10","5","5","11055","4139","6916","825","288","537","985","301","684","1476","871","605","0",,"0","21639","-2"
"100663","University of Alabama at Birmingham","2022","All students, Undergraduate total","13032","4884","8148","20","10","10","1066","423","643","3309","1002","2307","923","339","584","6","2","4","6661","2681","3980","637","228","409","82","29","53","328","170","158","0",,"0","13032","-2"
"100663","University of Alabama at Birmingham","2022","All students, Undergraduate, Degree/certificate-seeking total","12776","4794","7982","20","10","10","1046","413","633","3230","982","2248","908","336","572","6","2","4","6554","2641","3913","627","227","400","82","29","53","303","154","149",,,,,"-2"
"100663","University of Alabama at Birmingham","2022","All students, Undergraduate, Degree/certificate-seeking, First-time","2217","755","1462","2","1","1","240","90","150","629","174","455","195","60","135","0","0","0","979","370","609","123","38","85","18","3","15","31","19","12",,,,,"-2"
"100663","University of Alabama at Birmingham","2022","All students, Undergraduate, Other degree/certificate-seeking","10559","4039","6520","18","9","9","806","323","483","2601","808","1793","713","276","437","6","2","4","5575","2271","3304","504","189","315","64","26","38","272","135","137",,,,,"-2"
"100663","University of Alabama at Birmingham","2022","All students, Undergraduate, Non-degree/certificate-seeking","256","90","166","0","0","0","20","10","10","79","20","59","15","3","12","0","0","0","107","40","67","10","1","9","0","0","0","25","16","9",,,,,"-2"
"100663","University of Alabama at Birmingham","2022","All students, Graduate","8607","3019","5588","16","2","14","485","181","304","1281","270","1011","188","72","116","4","3","1","4394","1458","2936","188","60","128","903","272","631","1148","701","447","0",,"0","8607","-2"
"100663","University of Alabama at Birmingham","2022","All students, Undergraduate, Other degree/certificatee-seeking, Transfer-ins","1133","454","679","1","1","0","25","11","14","302","93","209","83","34","49","3","0","3","649","286","363","48","19","29","0","0","0","22","10","12",,,,,"-2"
"100663","University of Alabama at Birmingham","2022","All students, Undergraduate, Other degree/certificatee-seeking, Continuing","9426","3585","5841","17","8","9","781","312","469","2299","715","1584","630","242","388","3","2","1","4926","1985","2941","456","170","286","64","26","38","250","125","125",,,,,"-2"
"100663","University of Alabama at Birmingham","2022","Full-time students total","15080","5686","9394","22","11","11","1266","483","783","3124","915","2209","879","319","560","5","2","3","7405","2843","4562","657","234","423","436","125","311","1286","754","532",,,,,"-2"
"100663","University of Alabama at Birmingham","2022","Full-time students, Undergraduate total","10263","3836","6427","16","9","7","957","370","587","2551","794","1757","748","265","483","3","1","2","5101","2037","3064","529","188","341","74","23","51","284","149","135",,,,,"-2"
"100663","University of Alabama at Birmingham","2022","Full-time students, Undergraduate, Degree/certificate-seeking total","10239","3822","6417","16","9","7","957","370","587","2550","794","1756","747","265","482","3","1","2","5100","2036","3064","527","188","339","74","23","51","265","136","129",,,,,"-2"
"100663","University of Alabama at Birmingham","2022","Full-time students, Undergraduate, Degree/certificate-seeking, First-time","2172","733","1439","2","1","1","238","88","150","615","168","447","188","59","129","0","0","0","960","358","602","121","38","83","17","2","15","31","19","12",,,,,"-2"
"100663","University of Alabama at Birmingham","2022","Full-time students, Undergraduate, Degree/certificate-seeking, Other degree/certificate-seeking","8067","3089","4978","14","8","6","719","282","437","1935","626","1309","559","206","353","3","1","2","4140","1678","2462","406","150","256","57","21","36","234","117","117",,,,,"-2"
"100663","University of Alabama at Birmingham","2022","Full-time students, Undergraduate, Non-degree/certificate-seeking","24","14","10","0","0","0","0","0","0","1","0","1","1","0","1","0","0","0","1","1","0","2","0","2","0","0","0","19","13","6",,,,,"-2"
"100663","University of Alabama at Birmingham","2022","Full-time students, Graduate","4817","1850","2967","6","2","4","309","113","196","573","121","452","131","54","77","2","1","1","2304","806","1498","128","46","82","362","102","260","1002","605","397",,,,,"-2"
"100663","University of Alabama at Birmingham","2022","Full-time students, Undergraduate, Other degree/certificatee-seeking, Transfer-ins","759","315","444","0","0","0","20","9","11","214","67","147","66","28","38","2","0","2","404","188","216","34","15","19","0","0","0","19","8","11",,,,,"-2"
"100663","University of Alabama at Birmingham","2022","Full-time students, Undergraduate, Other degree/certificatee-seeking, Continuing","7308","2774","4534","14","8","6","699","273","426","1721","559","1162","493","178","315","1","1","0","3736","1490","2246","372","135","237","57","21","36","215","109","106",,,,,"-2"
"100663","University of Alabama at Birmingham","2022","Part-time students total","6559","2217","4342","14","1","13","285","121","164","1466","357","1109","232","92","140","5","3","2","3650","1296","2354","168","54","114","549","176","373","190","117","73",,,,,"-2"
"100663","University of Alabama at Birmingham","2022","Part-time students, Undergraduate total","2769","1048","1721","4","1","3","109","53","56","758","208","550","175","74","101","3","1","2","1560","644","916","108","40","68","8","6","2","44","21","23",,,,,"-2"
"100663","University of Alabama at Birmingham","2022","Part-time students, Undergraduate, Degree/certificate-seeking total","2537","972","1565","4","1","3","89","43","46","680","188","492","161","71","90","3","1","2","1454","605","849","100","39","61","8","6","2","38","18","20",,,,,"-2"
"100663","University of Alabama at Birmingham","2022","Part-time students, Undergraduate, Degree/certificate-seeking, First-time","45","22","23","0","0","0","2","2","0","14","6","8","7","1","6","0","0","0","19","12","7","2","0","2","1","1","0","0","0","0",,,,,"-2"
"100663","University of Alabama at Birmingham","2022","Part-time students, Undergraduate, Degree/certificate-seeking, Other degree/certificate-seeking","2492","950","1542","4","1","3","87","41","46","666","182","484","154","70","84","3","1","2","1435","593","842","98","39","59","7","5","2","38","18","20",,,,,"-2"
"100663","University of Alabama at Birmingham","2022","Part-time students, Undergraduate, Non-degree/certificate-seeking","232","76","156","0","0","0","20","10","10","78","20","58","14","3","11","0","0","0","106","39","67","8","1","7","0","0","0","6","3","3",,,,,"-2"
"100663","University of Alabama at Birmingham","2022","Part-time students, Graduate","3790","1169","2621","10","0","10","176","68","108","708","149","559","57","18","39","2","2","0","2090","652","1438","60","14","46","541","170","371","146","96","50",,,,,"-2"
"100663","University of Alabama at Birmingham","2022","Part-time students, Undergraduate, Other degree/certificatee-seeking, Transfer-ins","374","139","235","1","1","0","5","2","3","88","26","62","17","6","11","1","0","1","245","98","147","14","4","10","0","0","0","3","2","1",,,,,"-2"
"100663","University of Alabama at Birmingham","2022","Part-time students, Undergraduate, Other degree/certificatee-seeking, Continuing","2118","811","1307","3","0","3","82","39","43","578","156","422","137","64","73","2","1","1","1190","495","695","84","35","49","7","5","2","35","16","19",,,,,"-2"
"104179","University of Arizona","2022","All students total","49403","21985","27418","697","229","468","2804","1246","1558","1993","906","1087","12683","5142","7541","93","43","50","23632","10372","13260","2341","957","1384","1658","933","725","3502","2157","1345","32",,"32","49371","-2"
"104179","University of Arizona","2022","All students, Undergraduate total","38751","17213","21538","496","173","323","2034","933","1101","1595","734","861","10696","4322","6374","83","40","43","18976","8328","10648","1956","803","1153","1014","591","423","1901","1289","612","2",,"2","38749","-2"
"104179","University of Arizona","2022","All students, Undergraduate, Degree/certificate-seeking total","37979","16758","21221","492","171","321","1999","918","1081","1573","720","853","10600","4282","6318","80","38","42","18746","8231","10515","1939","795","1144","692","336","356","1858","1267","591",,,,,"-2"
"104179","University of Arizona","2022","All students, Undergraduate, Degree/certificate-seeking, First-time","9069","3830","5239","100","37","63","496","233","263","374","159","215","2490","989","1501","21","12","9","4556","1918","2638","491","184","307","174","75","99","367","223","144",,,,,"-2"
"104179","University of Arizona","2022","All students, Undergraduate, Other degree/certificate-seeking","28910","12928","15982","392","134","258","1503","685","818","1199","561","638","8110","3293","4817","59","26","33","14190","6313","7877","1448","611","837","518","261","257","1491","1044","447",,,,,"-2"
"104179","University of Arizona","2022","All students, Undergraduate, Non-degree/certificate-seeking","772","455","317","4","2","2","35","15","20","22","14","8","96","40","56","3","2","1","230","97","133","17","8","9","322","255","67","43","22","21",,,,,"-2"
"104179","University of Arizona","2022","All students, Graduate","10652","4772","5880","201","56","145","770","313","457","398","172","226","1987","820","1167","10","3","7","4656","2044","2612","385","154","231","644","342","302","1601","868","733","30",,"30","10622","-2"
"104179","University of Arizona","2022","All students, Undergraduate, Other degree/certificatee-seeking, Transfer-ins","2848","1372","1476","81","30","51","111","48","63","217","104","113","886","404","482","9","1","8","1274","651","623","139","57","82","69","39","30","62","38","24",,,,,"-2"
"104179","University of Arizona","2022","All students, Undergraduate, Other degree/certificatee-seeking, Continuing","26062","11556","14506","311","104","207","1392","637","755","982","457","525","7224","2889","4335","50","25","25","12916","5662","7254","1309","554","755","449","222","227","1429","1006","423",,,,,"-2"
"104179","University of Arizona","2022","Full-time students total","36323","15669","20654","473","162","311","2194","954","1240","1271","570","701","9269","3643","5626","60","29","31","17656","7453","10203","1790","713","1077","772","368","404","2838","1777","1061",,,,,"-2"
"104179","University of Arizona","2022","Full-time students, Undergraduate total","30230","13047","17183","360","128","232","1689","762","927","1041","475","566","8179","3217","4962","55","28","27","15112","6400","8712","1561","622","939","491","233","258","1742","1182","560",,,,,"-2"
"104179","University of Arizona","2022","Full-time students, Undergraduate, Degree/certificate-seeking total","30136","13006","17130","360","128","232","1688","761","927","1037","471","566","8165","3211","4954","53","27","26","15079","6390","8689","1558","621","937","487","230","257","1709","1167","542",,,,,"-2"
"104179","University of Arizona","2022","Full-time students, Undergraduate, Degree/certificate-seeking, First-time","6154","2602","3552","52","22","30","403","190","213","182","70","112","1458","599","859","13","8","5","3289","1351","1938","352","134","218","124","57","67","281","171","110",,,,,"-2"
"104179","University of Arizona","2022","Full-time students, Undergraduate, Degree/certificate-seeking, Other degree/certificate-seeking","23982","10404","13578","308","106","202","1285","571","714","855","401","454","6707","2612","4095","40","19","21","11790","5039","6751","1206","487","719","363","173","190","1428","996","432",,,,,"-2"
"104179","University of Arizona","2022","Full-time students, Undergraduate, Non-degree/certificate-seeking","94","41","53","0","0","0","1","1","0","4","4","0","14","6","8","2","1","1","33","10","23","3","1","2","4","3","1","33","15","18",,,,,"-2"
"104179","University of Arizona","2022","Full-time students, Graduate","6093","2622","3471","113","34","79","505","192","313","230","95","135","1090","426","664","5","1","4","2544","1053","1491","229","91","138","281","135","146","1096","595","501",,,,,"-2"
"104179","University of Arizona","2022","Full-time students, Undergraduate, Other degree/certificatee-seeking, Transfer-ins","1739","812","927","52","22","30","63","28","35","106","49","57","565","235","330","6","1","5","774","389","385","78","31","47","35","20","15","60","37","23",,,,,"-2"
"104179","University of Arizona","2022","Full-time students, Undergraduate, Other degree/certificatee-seeking, Continuing","22243","9592","12651","256","84","172","1222","543","679","749","352","397","6142","2377","3765","34","18","16","11016","4650","6366","1128","456","672","328","153","175","1368","959","409",,,,,"-2"
"104179","University of Arizona","2022","Part-time students total","13080","6316","6764","224","67","157","610","292","318","722","336","386","3414","1499","1915","33","14","19","5976","2919","3057","551","244","307","886","565","321","664","380","284",,,,,"-2"
"104179","University of Arizona","2022","Part-time students, Undergraduate total","8521","4166","4355","136","45","91","345","171","174","554","259","295","2517","1105","1412","28","12","16","3864","1928","1936","395","181","214","523","358","165","159","107","52",,,,,"-2"
"104179","University of Arizona","2022","Part-time students, Undergraduate, Degree/certificate-seeking total","7843","3752","4091","132","43","89","311","157","154","536","249","287","2435","1071","1364","27","11","16","3667","1841","1826","381","174","207","205","106","99","149","100","49",,,,,"-2"
"104179","University of Arizona","2022","Part-time students, Undergraduate, Degree/certificate-seeking, First-time","2915","1228","1687","48","15","33","93","43","50","192","89","103","1032","390","642","8","4","4","1267","567","700","139","50","89","50","18","32","86","52","34",,,,,"-2"
"104179","University of Arizona","2022","Part-time students, Undergraduate, Degree/certificate-seeking, Other degree/certificate-seeking","4928","2524","2404","84","28","56","218","114","104","344","160","184","1403","681","722","19","7","12","2400","1274","1126","242","124","118","155","88","67","63","48","15",,,,,"-2"
"104179","University of Arizona","2022","Part-time students, Undergraduate, Non-degree/certificate-seeking","678","414","264","4","2","2","34","14","20","18","10","8","82","34","48","1","1","0","197","87","110","14","7","7","318","252","66","10","7","3",,,,,"-2"
"104179","University of Arizona","2022","Part-time students, Graduate","4559","2150","2409","88","22","66","265","121","144","168","77","91","897","394","503","5","2","3","2112","991","1121","156","63","93","363","207","156","505","273","232",,,,,"-2"
"104179","University of Arizona","2022","Part-time students, Undergraduate, Other degree/certificatee-seeking, Transfer-ins","1109","560","549","29","8","21","48","20","28","111","55","56","321","169","152","3","0","3","500","262","238","61","26","35","34","19","15","2","1","1",,,,,"-2"
"104179","University of Arizona","2022","Part-time students, Undergraduate, Other degree/certificatee-seeking, Continuing","3819","1964","1855","55","20","35","170","94","76","233","105","128","1082","512","570","16","7","9","1900","1012","888","181","98","83","121","69","52","61","47","14",,,,,"-2"
"105330","Northern Arizona University","2022","All students total","28086","10274","17812","841","244","597","825","250","575","833","336","497","6960","2227","4733","68","30","38","15348","5658","9690","1505","545","960","763","457","306","943","527","416","0",,"0","28086","-2"
"105330","Northern Arizona University","2022","All students, Undergraduate total","23204","8550","14654","674","214","460","713","217","496","668","272","396","6094","2006","4088","61","27","34","12915","4960","7955","1341","511","830","294","126","168","444","217","227","0",,"0","23204","-2"
"105330","Northern Arizona University","2022","All students, Undergraduate, Degree/certificate-seeking total","23090","8497","14593","674","214","460","707","214","493","667","272","395","6082","1998","4084","61","27","34","12870","4940","7930","1339","511","828","246","104","142","444","217","227",,,,,"-2"
"105330","Northern Arizona University","2022","All students, Undergraduate, Degree/certificate-seeking, First-time","5575","2100","3475","165","56","109","110","48","62","151","67","84","1507","528","979","17","5","12","3183","1213","1970","355","142","213","60","31","29","27","10","17",,,,,"-2"
"105330","Northern Arizona University","2022","All students, Undergraduate, Other degree/certificate-seeking","17515","6397","11118","509","158","351","597","166","431","516","205","311","4575","1470","3105","44","22","22","9687","3727","5960","984","369","615","186","73","113","417","207","210",,,,,"-2"
"105330","Northern Arizona University","2022","All students, Undergraduate, Non-degree/certificate-seeking","114","53","61","0","0","0","6","3","3","1","0","1","12","8","4","0","0","0","45","20","25","2","0","2","48","22","26","0","0","0",,,,,"-2"
"105330","Northern Arizona University","2022","All students, Graduate","4882","1724","3158","167","30","137","112","33","79","165","64","101","866","221","645","7","3","4","2433","698","1735","164","34","130","469","331","138","499","310","189","0",,"0","4882","-2"
"105330","Northern Arizona University","2022","All students, Undergraduate, Other degree/certificatee-seeking, Transfer-ins","1777","596","1181","75","22","53","36","10","26","64","21","43","627","150","477","6","3","3","856","347","509","77","28","49","15","5","10","21","10","11",,,,,"-2"
"105330","Northern Arizona University","2022","All students, Undergraduate, Other degree/certificatee-seeking, Continuing","15738","5801","9937","434","136","298","561","156","405","452","184","268","3948","1320","2628","38","19","19","8831","3380","5451","907","341","566","171","68","103","396","197","199",,,,,"-2"
"105330","Northern Arizona University","2022","Full-time students total","22735","8513","14222","639","190","449","505","184","321","607","254","353","5668","1864","3804","58","25","33","12745","4800","7945","1280","489","791","329","200","129","904","507","397",,,,,"-2"
"105330","Northern Arizona University","2022","Full-time students, Undergraduate total","20011","7504","12507","563","171","392","442","164","278","533","226","307","5227","1742","3485","56","24","32","11405","4415","6990","1191","468","723","167","83","84","427","211","216",,,,,"-2"
"105330","Northern Arizona University","2022","Full-time students, Undergraduate, Degree/certificate-seeking total","20010","7503","12507","563","171","392","442","164","278","533","226","307","5227","1742","3485","56","24","32","11404","4414","6990","1191","468","723","167","83","84","427","211","216",,,,,"-2"
"105330","Northern Arizona University","2022","Full-time students, Undergraduate, Degree/certificate-seeking, First-time","5434","2052","3382","151","50","101","108","47","61","144","66","78","1468","513","955","16","5","11","3117","1192","1925","347","138","209","58","31","27","25","10","15",,,,,"-2"
"105330","Northern Arizona University","2022","Full-time students, Undergraduate, Degree/certificate-seeking, Other degree/certificate-seeking","14576","5451","9125","412","121","291","334","117","217","389","160","229","3759","1229","2530","40","19","21","8287","3222","5065","844","330","514","109","52","57","402","201","201",,,,,"-2"
"105330","Northern Arizona University","2022","Full-time students, Undergraduate, Non-degree/certificate-seeking","1","1","0","0","0","0","0","0","0","0","0","0","0","0","0","0","0","0","1","1","0","0","0","0","0","0","0","0","0","0",,,,,"-2"
"105330","Northern Arizona University","2022","Full-time students, Graduate","2724","1009","1715","76","19","57","63","20","43","74","28","46","441","122","319","2","1","1","1340","385","955","89","21","68","162","117","45","477","296","181",,,,,"-2"
"105330","Northern Arizona University","2022","Full-time students, Undergraduate, Other degree/certificatee-seeking, Transfer-ins","1287","489","798","59","20","39","27","9","18","38","17","21","446","116","330","4","2","2","626","287","339","57","25","32","10","3","7","20","10","10",,,,,"-2"
"105330","Northern Arizona University","2022","Full-time students, Undergraduate, Other degree/certificatee-seeking, Continuing","13289","4962","8327","353","101","252","307","108","199","351","143","208","3313","1113","2200","36","17","19","7661","2935","4726","787","305","482","99","49","50","382","191","191",,,,,"-2"
"105330","Northern Arizona University","2022","Part-time students total","5351","1761","3590","202","54","148","320","66","254","226","82","144","1292","363","929","10","5","5","2603","858","1745","225","56","169","434","257","177","39","20","19",,,,,"-2"
"105330","Northern Arizona University","2022","Part-time students, Undergraduate total","3193","1046","2147","111","43","68","271","53","218","135","46","89","867","264","603","5","3","2","1510","545","965","150","43","107","127","43","84","17","6","11",,,,,"-2"
"105330","Northern Arizona University","2022","Part-time students, Undergraduate, Degree/certificate-seeking total","3080","994","2086","111","43","68","265","50","215","134","46","88","855","256","599","5","3","2","1466","526","940","148","43","105","79","21","58","17","6","11",,,,,"-2"
"105330","Northern Arizona University","2022","Part-time students, Undergraduate, Degree/certificate-seeking, First-time","141","48","93","14","6","8","2","1","1","7","1","6","39","15","24","1","0","1","66","21","45","8","4","4","2","0","2","2","0","2",,,,,"-2"
"105330","Northern Arizona University","2022","Part-time students, Undergraduate, Degree/certificate-seeking, Other degree/certificate-seeking","2939","946","1993","97","37","60","263","49","214","127","45","82","816","241","575","4","3","1","1400","505","895","140","39","101","77","21","56","15","6","9",,,,,"-2"
"105330","Northern Arizona University","2022","Part-time students, Undergraduate, Non-degree/certificate-seeking","113","52","61","0","0","0","6","3","3","1","0","1","12","8","4","0","0","0","44","19","25","2","0","2","48","22","26","0","0","0",,,,,"-2"
"105330","Northern Arizona University","2022","Part-time students, Graduate","2158","715","1443","91","11","80","49","13","36","91","36","55","425","99","326","5","2","3","1093","313","780","75","13","62","307","214","93","22","14","8",,,,,"-2"
"105330","Northern Arizona University","2022","Part-time students, Undergraduate, Other degree/certificatee-seeking, Transfer-ins","490","107","383","16","2","14","9","1","8","26","4","22","181","34","147","2","1","1","230","60","170","20","3","17","5","2","3","1","0","1",,,,,"-2"
"105330","Northern Arizona University","2022","Part-time students, Undergraduate, Other degree/certificatee-seeking, Continuing","2449","839","1610","81","35","46","254","48","206","101","41","60","635","207","428","2","2","0","1170","445","725","120","36","84","72","19","53","14","6","8",,,,,"-2"
"110486","California State University-Bakersfield","2022","All students total","9613","3162","6451","28","8","20","651","288","363","375","127","248","6439","1966","4473","18","9","9","1360","479","881","207","71","136","396","144","252","139","70","69","946","78","1024","8589","-2"
"110486","California State University-Bakersfield","2022","All students, Undergraduate total","8188","2773","5415","21","6","15","579","266","313","330","112","218","5573","1748","3825","16","9","7","1050","383","667","174","64","110","323","120","203","122","65","57","821","63","884","7304","-2"
"110486","California State University-Bakersfield","2022","All students, Undergraduate, Degree/certificate-seeking total","8108","2749","5359","21","6","15","567","263","304","327","112","215","5537","1738","3799","16","9","7","1029","378","651","169","61","108","320","117","203","122","65","57",,,,,"-2"
"110486","California State University-Bakersfield","2022","All students, Undergraduate, Degree/certificate-seeking, First-time","1107","391","716","0","0","0","82","37","45","44","20","24","809","265","544","2","1","1","72","28","44","17","5","12","53","20","33","28","15","13",,,,,"-2"
"110486","California State University-Bakersfield","2022","All students, Undergraduate, Other degree/certificate-seeking","7001","2358","4643","21","6","15","485","226","259","283","92","191","4728","1473","3255","14","8","6","957","350","607","152","56","96","267","97","170","94","50","44",,,,,"-2"
"110486","California State University-Bakersfield","2022","All students, Undergraduate, Non-degree/certificate-seeking","80","24","56","0","0","0","12","3","9","3","0","3","36","10","26","0","0","0","21","5","16","5","3","2","3","3","0","0","0","0",,,,,"-2"
"110486","California State University-Bakersfield","2022","All students, Graduate","1425","389","1036","7","2","5","72","22","50","45","15","30","866","218","648","2","0","2","310","96","214","33","7","26","73","24","49","17","5","12","125","15","140","1285","-2"
"110486","California State University-Bakersfield","2022","All students, Undergraduate, Other degree/certificatee-seeking, Transfer-ins","1135","336","799","1","1","0","55","21","34","51","21","30","747","194","553","1","1","0","200","70","130","33","13","20","29","8","21","18","7","11",,,,,"-2"
"110486","California State University-Bakersfield","2022","All students, Undergraduate, Other degree/certificatee-seeking, Continuing","5866","2022","3844","20","5","15","430","205","225","232","71","161","3981","1279","2702","13","7","6","757","280","477","119","43","76","238","89","149","76","43","33",,,,,"-2"
"110486","California State University-Bakersfield","2022","Full-time students total","7613","2483","5130","21","7","14","539","234","305","275","97","178","5218","1587","3631","14","6","8","971","329","642","162","60","102","290","102","188","123","61","62",,,,,"-2"
"110486","California State University-Bakersfield","2022","Full-time students, Undergraduate total","6630","2230","4400","17","6","11","489","218","271","247","90","157","4599","1433","3166","13","6","7","770","276","494","139","55","84","244","88","156","112","58","54",,,,,"-2"
"110486","California State University-Bakersfield","2022","Full-time students, Undergraduate, Degree/certificate-seeking total","6621","2228","4393","17","6","11","486","218","268","247","90","157","4598","1433","3165","13","6","7","765","274","491","139","55","84","244","88","156","112","58","54",,,,,"-2"
"110486","California State University-Bakersfield","2022","Full-time students, Undergraduate, Degree/certificate-seeking, First-time","1080","383","697","0","0","0","79","36","43","41","20","21","793","261","532","2","1","1","70","27","43","17","5","12","50","18","32","28","15","13",,,,,"-2"
"110486","California State University-Bakersfield","2022","Full-time students, Undergraduate, Degree/certificate-seeking, Other degree/certificate-seeking","5541","1845","3696","17","6","11","407","182","225","206","70","136","3805","1172","2633","11","5","6","695","247","448","122","50","72","194","70","124","84","43","41",,,,,"-2"
"110486","California State University-Bakersfield","2022","Full-time students, Undergraduate, Non-degree/certificate-seeking","9","2","7","0","0","0","3","0","3","0","0","0","1","0","1","0","0","0","5","2","3","0","0","0","0","0","0","0","0","0",,,,,"-2"
"110486","California State University-Bakersfield","2022","Full-time students, Graduate","983","253","730","4","1","3","50","16","34","28","7","21","619","154","465","1","0","1","201","53","148","23","5","18","46","14","32","11","3","8",,,,,"-2"
"110486","California State University-Bakersfield","2022","Full-time students, Undergraduate, Other degree/certificatee-seeking, Transfer-ins","929","280","649","1","1","0","49","17","32","39","19","20","617","164","453","1","1","0","155","53","102","29","13","16","20","5","15","18","7","11",,,,,"-2"
"110486","California State University-Bakersfield","2022","Full-time students, Undergraduate, Other degree/certificatee-seeking, Continuing","4612","1565","3047","16","5","11","358","165","193","167","51","116","3188","1008","2180","10","4","6","540","194","346","93","37","56","174","65","109","66","36","30",,,,,"-2"
"110486","California State University-Bakersfield","2022","Part-time students total","2000","679","1321","7","1","6","112","54","58","100","30","70","1221","379","842","4","3","1","389","150","239","45","11","34","106","42","64","16","9","7",,,,,"-2"
"110486","California State University-Bakersfield","2022","Part-time students, Undergraduate total","1558","543","1015","4","0","4","90","48","42","83","22","61","974","315","659","3","3","0","280","107","173","35","9","26","79","32","47","10","7","3",,,,,"-2"
"110486","California State University-Bakersfield","2022","Part-time students, Undergraduate, Degree/certificate-seeking total","1487","521","966","4","0","4","81","45","36","80","22","58","939","305","634","3","3","0","264","104","160","30","6","24","76","29","47","10","7","3",,,,,"-2"
"110486","California State University-Bakersfield","2022","Part-time students, Undergraduate, Degree/certificate-seeking, First-time","27","8","19","0","0","0","3","1","2","3","0","3","16","4","12","0","0","0","2","1","1","0","0","0","3","2","1","0","0","0",,,,,"-2"
"110486","California State University-Bakersfield","2022","Part-time students, Undergraduate, Degree/certificate-seeking, Other degree/certificate-seeking","1460","513","947","4","0","4","78","44","34","77","22","55","923","301","622","3","3","0","262","103","159","30","6","24","73","27","46","10","7","3",,,,,"-2"
"110486","California State University-Bakersfield","2022","Part-time students, Undergraduate, Non-degree/certificate-seeking","71","22","49","0","0","0","9","3","6","3","0","3","35","10","25","0","0","0","16","3","13","5","3","2","3","3","0","0","0","0",,,,,"-2"
"110486","California State University-Bakersfield","2022","Part-time students, Graduate","442","136","306","3","1","2","22","6","16","17","8","9","247","64","183","1","0","1","109","43","66","10","2","8","27","10","17","6","2","4",,,,,"-2"
"110486","California State University-Bakersfield","2022","Part-time students, Undergraduate, Other degree/certificatee-seeking, Transfer-ins","206","56","150","0","0","0","6","4","2","12","2","10","130","30","100","0","0","0","45","17","28","4","0","4","9","3","6","0","0","0",,,,,"-2"
"110486","California State University-Bakersfield","2022","Part-time students, Undergraduate, Other degree/certificatee-seeking, Continuing","1254","457","797","4","0","4","72","40","32","65","20","45","793","271","522","3","3","0","217","86","131","26","6","20","64","24","40","10","7","3",,,,,"-2"
"110495","California State University-Stanislaus","2022","All students total","10154","3293","6861","24","6","18","907","365","542","242","85","157","6233","1842","4391","66","28","38","1887","659","1228","252","86","166","473","195","278","70","27","43","1022","64","1086","9068","-2"
"110495","California State University-Stanislaus","2022","All students, Undergraduate total","8926","2977","5949","22","5","17","790","328","462","217","77","140","5559","1687","3872","60","26","34","1585","572","1013","220","81","139","407","174","233","66","27","39","938","54","992","7934","-2"
"110495","California State University-Stanislaus","2022","All students, Undergraduate, Degree/certificate-seeking total","8836","2959","5877","22","5","17","790","328","462","216","77","139","5545","1686","3859","58","26","32","1570","568","1002","218","81","137","370","164","206","47","24","23",,,,,"-2"
"110495","California State University-Stanislaus","2022","All students, Undergraduate, Degree/certificate-seeking, First-time","1031","346","685","0","0","0","88","36","52","21","8","13","726","219","507","4","2","2","128","51","77","21","12","9","36","15","21","7","3","4",,,,,"-2"
"110495","California State University-Stanislaus","2022","All students, Undergraduate, Other degree/certificate-seeking","7805","2613","5192","22","5","17","702","292","410","195","69","126","4819","1467","3352","54","24","30","1442","517","925","197","69","128","334","149","185","40","21","19",,,,,"-2"
"110495","California State University-Stanislaus","2022","All students, Undergraduate, Non-degree/certificate-seeking","90","18","72","0","0","0","0","0","0","1","0","1","14","1","13","2","0","2","15","4","11","2","0","2","37","10","27","19","3","16",,,,,"-2"
"110495","California State University-Stanislaus","2022","All students, Graduate","1228","316","912","2","1","1","117","37","80","25","8","17","674","155","519","6","2","4","302","87","215","32","5","27","66","21","45","4","0","4","84","10","94","1134","-2"
"110495","California State University-Stanislaus","2022","All students, Undergraduate, Other degree/certificatee-seeking, Transfer-ins","1375","471","904","12","3","9","125","53","72","55","21","34","775","244","531","9","2","7","290","94","196","44","14","30","56","35","21","9","5","4",,,,,"-2"
"110495","California State University-Stanislaus","2022","All students, Undergraduate, Other degree/certificatee-seeking, Continuing","6430","2142","4288","10","2","8","577","239","338","140","48","92","4044","1223","2821","45","22","23","1152","423","729","153","55","98","278","114","164","31","16","15",,,,,"-2"
"110495","California State University-Stanislaus","2022","Full-time students total","7759","2435","5324","19","5","14","667","264","403","180","62","118","4899","1393","3506","48","19","29","1384","474","910","189","64","125","310","130","180","63","24","39",,,,,"-2"
"110495","California State University-Stanislaus","2022","Full-time students, Undergraduate total","6958","2273","4685","18","5","13","595","248","347","163","56","107","4429","1307","3122","46","19","27","1202","431","771","165","60","105","280","123","157","60","24","36",,,,,"-2"
"110495","California State University-Stanislaus","2022","Full-time students, Undergraduate, Degree/certificate-seeking total","6939","2270","4669","18","5","13","595","248","347","163","56","107","4429","1307","3122","46","19","27","1202","431","771","165","60","105","280","123","157","41","21","20",,,,,"-2"
"110495","California State University-Stanislaus","2022","Full-time students, Undergraduate, Degree/certificate-seeking, First-time","963","318","645","0","0","0","81","31","50","18","6","12","680","204","476","4","2","2","122","50","72","18","10","8","33","12","21","7","3","4",,,,,"-2"
"110495","California State University-Stanislaus","2022","Full-time students, Undergraduate, Degree/certificate-seeking, Other degree/certificate-seeking","5976","1952","4024","18","5","13","514","217","297","145","50","95","3749","1103","2646","42","17","25","1080","381","699","147","50","97","247","111","136","34","18","16",,,,,"-2"
"110495","California State University-Stanislaus","2022","Full-time students, Undergraduate, Non-degree/certificate-seeking","19","3","16","0","0","0","0","0","0","0","0","0","0","0","0","0","0","0","0","0","0","0","0","0","0","0","0","19","3","16",,,,,"-2"
"110495","California State University-Stanislaus","2022","Full-time students, Graduate","801","162","639","1","0","1","72","16","56","17","6","11","470","86","384","2","0","2","182","43","139","24","4","20","30","7","23","3","0","3",,,,,"-2"
"110495","California State University-Stanislaus","2022","Full-time students, Undergraduate, Other degree/certificatee-seeking, Transfer-ins","1075","373","702","11","3","8","98","41","57","39","16","23","596","188","408","9","2","7","236","76","160","36","13","23","42","29","13","8","5","3",,,,,"-2"
"110495","California State University-Stanislaus","2022","Full-time students, Undergraduate, Other degree/certificatee-seeking, Continuing","4901","1579","3322","7","2","5","416","176","240","106","34","72","3153","915","2238","33","15","18","844","305","539","111","37","74","205","82","123","26","13","13",,,,,"-2"
"110495","California State University-Stanislaus","2022","Part-time students total","2395","858","1537","5","1","4","240","101","139","62","23","39","1334","449","885","18","9","9","503","185","318","63","22","41","163","65","98","7","3","4",,,,,"-2"
"110495","California State University-Stanislaus","2022","Part-time students, Undergraduate total","1968","704","1264","4","0","4","195","80","115","54","21","33","1130","380","750","14","7","7","383","141","242","55","21","34","127","51","76","6","3","3",,,,,"-2"
"110495","California State University-Stanislaus","2022","Part-time students, Undergraduate, Degree/certificate-seeking total","1897","689","1208","4","0","4","195","80","115","53","21","32","1116","379","737","12","7","5","368","137","231","53","21","32","90","41","49","6","3","3",,,,,"-2"
"110495","California State University-Stanislaus","2022","Part-time students, Undergraduate, Degree/certificate-seeking, First-time","68","28","40","0","0","0","7","5","2","3","2","1","46","15","31","0","0","0","6","1","5","3","2","1","3","3","0","0","0","0",,,,,"-2"
"110495","California State University-Stanislaus","2022","Part-time students, Undergraduate, Degree/certificate-seeking, Other degree/certificate-seeking","1829","661","1168","4","0","4","188","75","113","50","19","31","1070","364","706","12","7","5","362","136","226","50","19","31","87","38","49","6","3","3",,,,,"-2"
"110495","California State University-Stanislaus","2022","Part-time students, Undergraduate, Non-degree/certificate-seeking","71","15","56","0","0","0","0","0","0","1","0","1","14","1","13","2","0","2","15","4","11","2","0","2","37","10","27","0","0","0",,,,,"-2"
"110495","California State University-Stanislaus","2022","Part-time students, Graduate","427","154","273","1","1","0","45","21","24","8","2","6","204","69","135","4","2","2","120","44","76","8","1","7","36","14","22","1","0","1",,,,,"-2"
"110495","California State University-Stanislaus","2022","Part-time students, Undergraduate, Other degree/certificatee-seeking, Transfer-ins","300","98","202","1","0","1","27","12","15","16","5","11","179","56","123","0","0","0","54","18","36","8","1","7","14","6","8","1","0","1",,,,,"-2"
"110495","California State University-Stanislaus","2022","Part-time students, Undergraduate, Other degree/certificatee-seeking, Continuing","1529","563","966","3","0","3","161","63","98","34","14","20","891","308","583","12","7","5","308","118","190","42","18","24","73","32","41","5","3","2",,,,,"-2"
"110501","California State University-Chancellors Office","2022",,,,,,,,,,,,,,,,,,,,,,,,,,,,,,,,,,,,"-2"
"110510","California State University-San Bernardino","2022","All students total","19803","7420","12383","31","13","18","1124","564","560","1028","364","664","13565","4751","8814","30","10","20","2272","934","1338","489","182","307","678","278","400","586","324","262","2203","150","2353","17450","-2"
"110510","California State University-San Bernardino","2022","All students, Undergraduate total","17034","6485","10549","24","12","12","975","494","481","854","307","547","12056","4307","7749","28","10","18","1772","759","1013","412","160","252","557","239","318","356","197","159","1939","127","2066","14968","-2"
"110510","California State University-San Bernardino","2022","All students, Undergraduate, Degree/certificate-seeking total","16712","6367","10345","22","11","11","940","479","461","840","300","540","12027","4298","7729","23","9","14","1716","734","982","410","158","252","438","205","233","296","173","123",,,,,"-2"
"110510","California State University-San Bernardino","2022","All students, Undergraduate, Degree/certificate-seeking, First-time","2324","965","1359","4","2","2","162","88","74","103","48","55","1794","706","1088","2","2","0","132","50","82","58","31","27","41","22","19","28","16","12",,,,,"-2"
"110510","California State University-San Bernardino","2022","All students, Undergraduate, Other degree/certificate-seeking","14388","5402","8986","18","9","9","778","391","387","737","252","485","10233","3592","6641","21","7","14","1584","684","900","352","127","225","397","183","214","268","157","111",,,,,"-2"
"110510","California State University-San Bernardino","2022","All students, Undergraduate, Non-degree/certificate-seeking","322","118","204","2","1","1","35","15","20","14","7","7","29","9","20","5","1","4","56","25","31","2","2","0","119","34","85","60","24","36",,,,,"-2"
"110510","California State University-San Bernardino","2022","All students, Graduate","2769","935","1834","7","1","6","149","70","79","174","57","117","1509","444","1065","2","0","2","500","175","325","77","22","55","121","39","82","230","127","103","264","23","287","2482","-2"
"110510","California State University-San Bernardino","2022","All students, Undergraduate, Other degree/certificatee-seeking, Transfer-ins","2468","879","1589","3","1","2","140","76","64","164","54","110","1616","532","1084","2","0","2","353","138","215","79","25","54","74","30","44","37","23","14",,,,,"-2"
"110510","California State University-San Bernardino","2022","All students, Undergraduate, Other degree/certificatee-seeking, Continuing","11920","4523","7397","15","8","7","638","315","323","573","198","375","8617","3060","5557","19","7","12","1231","546","685","273","102","171","323","153","170","231","134","97",,,,,"-2"
"110510","California State University-San Bernardino","2022","Full-time students total","15152","5583","9569","21","9","12","825","411","414","758","261","497","10799","3741","7058","17","6","11","1600","638","962","361","135","226","381","163","218","390","219","171",,,,,"-2"
"110510","California State University-San Bernardino","2022","Full-time students, Undergraduate total","13495","5089","8406","17","8","9","748","380","368","660","230","430","9859","3509","6350","16","6","10","1310","549","761","319","123","196","307","140","167","259","144","115",,,,,"-2"
"110510","California State University-San Bernardino","2022","Full-time students, Undergraduate, Degree/certificate-seeking total","13480","5083","8397","17","8","9","748","380","368","660","230","430","9859","3509","6350","16","6","10","1310","549","761","319","123","196","307","140","167","244","138","106",,,,,"-2"
"110510","California State University-San Bernardino","2022","Full-time students, Undergraduate, Degree/certificate-seeking, First-time","2236","925","1311","4","2","2","157","86","71","94","41","53","1731","680","1051","2","2","0","131","50","81","55","30","25","38","21","17","24","13","11",,,,,"-2"
"110510","California State University-San Bernardino","2022","Full-time students, Undergraduate, Degree/certificate-seeking, Other degree/certificate-seeking","11244","4158","7086","13","6","7","591","294","297","566","189","377","8128","2829","5299","14","4","10","1179","499","680","264","93","171","269","119","150","220","125","95",,,,,"-2"
"110510","California State University-San Bernardino","2022","Full-time students, Undergraduate, Non-degree/certificate-seeking","15","6","9","0","0","0","0","0","0","0","0","0","0","0","0","0","0","0","0","0","0","0","0","0","0","0","0","15","6","9",,,,,"-2"
"110510","California State University-San Bernardino","2022","Full-time students, Graduate","1657","494","1163","4","1","3","77","31","46","98","31","67","940","232","708","1","0","1","290","89","201","42","12","30","74","23","51","131","75","56",,,,,"-2"
"110510","California State University-San Bernardino","2022","Full-time students, Undergraduate, Other degree/certificatee-seeking, Transfer-ins","1900","700","1200","3","1","2","103","54","49","128","41","87","1246","430","816","1","0","1","270","112","158","61","17","44","53","23","30","35","22","13",,,,,"-2"
"110510","California State University-San Bernardino","2022","Full-time students, Undergraduate, Other degree/certificatee-seeking, Continuing","9344","3458","5886","10","5","5","488","240","248","438","148","290","6882","2399","4483","13","4","9","909","387","522","203","76","127","216","96","120","185","103","82",,,,,"-2"
"110510","California State University-San Bernardino","2022","Part-time students total","4651","1837","2814","10","4","6","299","153","146","270","103","167","2766","1010","1756","13","4","9","672","296","376","128","47","81","297","115","182","196","105","91",,,,,"-2"
"110510","California State University-San Bernardino","2022","Part-time students, Undergraduate total","3539","1396","2143","7","4","3","227","114","113","194","77","117","2197","798","1399","12","4","8","462","210","252","93","37","56","250","99","151","97","53","44",,,,,"-2"
"110510","California State University-San Bernardino","2022","Part-time students, Undergraduate, Degree/certificate-seeking total","3232","1284","1948","5","3","2","192","99","93","180","70","110","2168","789","1379","7","3","4","406","185","221","91","35","56","131","65","66","52","35","17",,,,,"-2"
"110510","California State University-San Bernardino","2022","Part-time students, Undergraduate, Degree/certificate-seeking, First-time","88","40","48","0","0","0","5","2","3","9","7","2","63","26","37","0","0","0","1","0","1","3","1","2","3","1","2","4","3","1",,,,,"-2"
"110510","California State University-San Bernardino","2022","Part-time students, Undergraduate, Degree/certificate-seeking, Other degree/certificate-seeking","3144","1244","1900","5","3","2","187","97","90","171","63","108","2105","763","1342","7","3","4","405","185","220","88","34","54","128","64","64","48","32","16",,,,,"-2"
"110510","California State University-San Bernardino","2022","Part-time students, Undergraduate, Non-degree/certificate-seeking","307","112","195","2","1","1","35","15","20","14","7","7","29","9","20","5","1","4","56","25","31","2","2","0","119","34","85","45","18","27",,,,,"-2"
"110510","California State University-San Bernardino","2022","Part-time students, Graduate","1112","441","671","3","0","3","72","39","33","76","26","50","569","212","357","1","0","1","210","86","124","35","10","25","47","16","31","99","52","47",,,,,"-2"
"110510","California State University-San Bernardino","2022","Part-time students, Undergraduate, Other degree/certificatee-seeking, Transfer-ins","568","179","389","0","0","0","37","22","15","36","13","23","370","102","268","1","0","1","83","26","57","18","8","10","21","7","14","2","1","1",,,,,"-2"
"110510","California State University-San Bernardino","2022","Part-time students, Undergraduate, Other degree/certificatee-seeking, Continuing","2576","1065","1511","5","3","2","150","75","75","135","50","85","1735","661","1074","6","3","3","322","159","163","70","26","44","107","57","50","46","31","15",,,,,"-2"
"110529","California State Polytechnic University-Pomona","2022","All students total","27503","14779","12724","32","15","17","6110","3765","2345","755","388","367","14370","6967","7403","45","22","23","3849","2274","1575","967","571","396","756","436","320","619","341","278","2645","215","2860","24643","-2"
"110529","California State Polytechnic University-Pomona","2022","All students, Undergraduate total","25181","13707","11474","29","14","15","5682","3544","2138","671","352","319","13348","6512","6836","44","21","23","3431","2083","1348","908","534","374","663","399","264","405","248","157","2372","203","2575","22606","-2"
"110529","California State Polytechnic University-Pomona","2022","All students, Undergraduate, Degree/certificate-seeking total","25080","13675","11405","29","14","15","5675","3541","2134","664","352","312","13318","6506","6812","44","21","23","3421","2079","1342","903","532","371","631","384","247","395","246","149",,,,,"-2"
"110529","California State Polytechnic University-Pomona","2022","All students, Undergraduate, Degree/certificate-seeking, First-time","3655","2028","1627","4","2","2","876","558","318","73","39","34","1955","975","980","6","3","3","475","295","180","171","97","74","76","51","25","19","8","11",,,,,"-2"
"110529","California State Polytechnic University-Pomona","2022","All students, Undergraduate, Other degree/certificate-seeking","21425","11647","9778","25","12","13","4799","2983","1816","591","313","278","11363","5531","5832","38","18","20","2946","1784","1162","732","435","297","555","333","222","376","238","138",,,,,"-2"
"110529","California State Polytechnic University-Pomona","2022","All students, Undergraduate, Non-degree/certificate-seeking","101","32","69","0","0","0","7","3","4","7","0","7","30","6","24","0","0","0","10","4","6","5","2","3","32","15","17","10","2","8",,,,,"-2"
"110529","California State Polytechnic University-Pomona","2022","All students, Graduate","2322","1072","1250","3","1","2","428","221","207","84","36","48","1022","455","567","1","1","0","418","191","227","59","37","22","93","37","56","214","93","121","273","12","285","2037","-2"
"110529","California State Polytechnic University-Pomona","2022","All students, Undergraduate, Other degree/certificatee-seeking, Transfer-ins","2960","1516","1444","5","3","2","520","324","196","69","37","32","1685","752","933","7","3","4","430","256","174","76","48","28","97","48","49","71","45","26",,,,,"-2"
"110529","California State Polytechnic University-Pomona","2022","All students, Undergraduate, Other degree/certificatee-seeking, Continuing","18465","10131","8334","20","9","11","4279","2659","1620","522","276","246","9678","4779","4899","31","15","16","2516","1528","988","656","387","269","458","285","173","305","193","112",,,,,"-2"
"110529","California State Polytechnic University-Pomona","2022","Full-time students total","22533","12040","10493","25","12","13","5159","3154","2005","582","301","281","11805","5659","6146","34","14","20","3113","1835","1278","803","472","331","561","332","229","451","261","190",,,,,"-2"
"110529","California State Polytechnic University-Pomona","2022","Full-time students, Undergraduate total","21491","11628","9863","24","12","12","4980","3070","1910","540","284","256","11327","5486","5841","33","13","20","2920","1762","1158","774","458","316","523","319","204","370","224","146",,,,,"-2"
"110529","California State Polytechnic University-Pomona","2022","Full-time students, Undergraduate, Degree/certificate-seeking total","21474","11623","9851","24","12","12","4980","3070","1910","540","284","256","11327","5486","5841","33","13","20","2920","1762","1158","774","458","316","516","316","200","360","222","138",,,,,"-2"
"110529","California State Polytechnic University-Pomona","2022","Full-time students, Undergraduate, Degree/certificate-seeking, First-time","3576","1984","1592","4","2","2","864","550","314","70","37","33","1901","948","953","6","3","3","471","292","179","169","96","73","74","50","24","17","6","11",,,,,"-2"
"110529","California State Polytechnic University-Pomona","2022","Full-time students, Undergraduate, Degree/certificate-seeking, Other degree/certificate-seeking","17898","9639","8259","20","10","10","4116","2520","1596","470","247","223","9426","4538","4888","27","10","17","2449","1470","979","605","362","243","442","266","176","343","216","127",,,,,"-2"
"110529","California State Polytechnic University-Pomona","2022","Full-time students, Undergraduate, Non-degree/certificate-seeking","17","5","12","0","0","0","0","0","0","0","0","0","0","0","0","0","0","0","0","0","0","0","0","0","7","3","4","10","2","8",,,,,"-2"
"110529","California State Polytechnic University-Pomona","2022","Full-time students, Graduate","1042","412","630","1","0","1","179","84","95","42","17","25","478","173","305","1","1","0","193","73","120","29","14","15","38","13","25","81","37","44",,,,,"-2"
"110529","California State Polytechnic University-Pomona","2022","Full-time students, Undergraduate, Other degree/certificatee-seeking, Transfer-ins","2655","1385","1270","5","3","2","474","299","175","62","32","30","1516","689","827","6","2","4","374","229","145","68","46","22","80","40","40","70","45","25",,,,,"-2"
"110529","California State Polytechnic University-Pomona","2022","Full-time students, Undergraduate, Other degree/certificatee-seeking, Continuing","15243","8254","6989","15","7","8","3642","2221","1421","408","215","193","7910","3849","4061","21","8","13","2075","1241","834","537","316","221","362","226","136","273","171","102",,,,,"-2"
"110529","California State Polytechnic University-Pomona","2022","Part-time students total","4970","2739","2231","7","3","4","951","611","340","173","87","86","2565","1308","1257","11","8","3","736","439","297","164","99","65","195","104","91","168","80","88",,,,,"-2"
"110529","California State Polytechnic University-Pomona","2022","Part-time students, Undergraduate total","3690","2079","1611","5","2","3","702","474","228","131","68","63","2021","1026","995","11","8","3","511","321","190","134","76","58","140","80","60","35","24","11",,,,,"-2"
"110529","California State Polytechnic University-Pomona","2022","Part-time students, Undergraduate, Degree/certificate-seeking total","3606","2052","1554","5","2","3","695","471","224","124","68","56","1991","1020","971","11","8","3","501","317","184","129","74","55","115","68","47","35","24","11",,,,,"-2"
"110529","California State Polytechnic University-Pomona","2022","Part-time students, Undergraduate, Degree/certificate-seeking, First-time","79","44","35","0","0","0","12","8","4","3","2","1","54","27","27","0","0","0","4","3","1","2","1","1","2","1","1","2","2","0",,,,,"-2"
"110529","California State Polytechnic University-Pomona","2022","Part-time students, Undergraduate, Degree/certificate-seeking, Other degree/certificate-seeking","3527","2008","1519","5","2","3","683","463","220","121","66","55","1937","993","944","11","8","3","497","314","183","127","73","54","113","67","46","33","22","11",,,,,"-2"
"110529","California State Polytechnic University-Pomona","2022","Part-time students, Undergraduate, Non-degree/certificate-seeking","84","27","57","0","0","0","7","3","4","7","0","7","30","6","24","0","0","0","10","4","6","5","2","3","25","12","13","0","0","0",,,,,"-2"
"110529","California State Polytechnic University-Pomona","2022","Part-time students, Graduate","1280","660","620","2","1","1","249","137","112","42","19","23","544","282","262","0","0","0","225","118","107","30","23","7","55","24","31","133","56","77",,,,,"-2"
"110529","California State Polytechnic University-Pomona","2022","Part-time students, Undergraduate, Other degree/certificatee-seeking, Transfer-ins","305","131","174","0","0","0","46","25","21","7","5","2","169","63","106","1","1","0","56","27","29","8","2","6","17","8","9","1","0","1",,,,,"-2"
"110529","California State Polytechnic University-Pomona","2022","Part-time students, Undergraduate, Other degree/certificatee-seeking, Continuing","3222","1877","1345","5","2","3","637","438","199","114","61","53","1768","930","838","10","7","3","441","287","154","119","71","48","96","59","37","32","22","10",,,,,"-2"
"110538","California State University-Chico","2022","All students total","14183","6337","7846","56","21","35","808","393","415","366","171","195","5192","2081","3111","27","14","13","6179","2864","3315","752","324","428","513","273","240","290","196","94","1017","189","1206","12977","-2"
"110538","California State University-Chico","2022","All students, Undergraduate total","12981","5939","7042","50","19","31","750","374","376","337","158","179","4893","1995","2898","26","14","12","5577","2689","2888","702","310","392","447","241","206","199","139","60","915","175","1090","11891","-2"
"110538","California State University-Chico","2022","All students, Undergraduate, Degree/certificate-seeking total","12853","5888","6965","50","19","31","742","371","371","333","156","177","4853","1985","2868","26","14","12","5554","2677","2877","695","308","387","432","233","199","168","125","43",,,,,"-2"
"110538","California State University-Chico","2022","All students, Undergraduate, Degree/certificate-seeking, First-time","2020","938","1082","8","5","3","91","47","44","47","25","22","817","327","490","4","1","3","855","428","427","121","52","69","53","35","18","24","18","6",,,,,"-2"
"110538","California State University-Chico","2022","All students, Undergraduate, Other degree/certificate-seeking","10833","4950","5883","42","14","28","651","324","327","286","131","155","4036","1658","2378","22","13","9","4699","2249","2450","574","256","318","379","198","181","144","107","37",,,,,"-2"
"110538","California State University-Chico","2022","All students, Undergraduate, Non-degree/certificate-seeking","128","51","77","0","0","0","8","3","5","4","2","2","40","10","30","0","0","0","23","12","11","7","2","5","15","8","7","31","14","17",,,,,"-2"
"110538","California State University-Chico","2022","All students, Graduate","1202","398","804","6","2","4","58","19","39","29","13","16","299","86","213","1","0","1","602","175","427","50","14","36","66","32","34","91","57","34","102","14","116","1086","-2"
"110538","California State University-Chico","2022","All students, Undergraduate, Other degree/certificatee-seeking, Transfer-ins","1335","583","752","5","2","3","83","39","44","33","18","15","466","186","280","1","0","1","621","277","344","65","27","38","52","27","25","9","7","2",,,,,"-2"
"110538","California State University-Chico","2022","All students, Undergraduate, Other degree/certificatee-seeking, Continuing","9498","4367","5131","37","12","25","568","285","283","253","113","140","3570","1472","2098","21","13","8","4078","1972","2106","509","229","280","327","171","156","135","100","35",,,,,"-2"
"110538","California State University-Chico","2022","Full-time students total","12306","5520","6786","47","17","30","683","336","347","297","141","156","4610","1849","2761","21","13","8","5374","2513","2861","650","280","370","389","210","179","235","161","74",,,,,"-2"
"110538","California State University-Chico","2022","Full-time students, Undergraduate total","11584","5295","6289","42","16","26","658","330","328","287","138","149","4427","1803","2624","21","13","8","4987","2399","2588","619","272","347","364","199","165","179","125","54",,,,,"-2"
"110538","California State University-Chico","2022","Full-time students, Undergraduate, Degree/certificate-seeking total","11554","5281","6273","42","16","26","658","330","328","287","138","149","4427","1803","2624","21","13","8","4987","2399","2588","619","272","347","364","199","165","149","111","38",,,,,"-2"
"110538","California State University-Chico","2022","Full-time students, Undergraduate, Degree/certificate-seeking, First-time","1970","918","1052","8","5","3","90","47","43","44","23","21","805","322","483","3","1","2","829","418","411","116","50","66","52","34","18","23","18","5",,,,,"-2"
"110538","California State University-Chico","2022","Full-time students, Undergraduate, Degree/certificate-seeking, Other degree/certificate-seeking","9584","4363","5221","34","11","23","568","283","285","243","115","128","3622","1481","2141","18","12","6","4158","1981","2177","503","222","281","312","165","147","126","93","33",,,,,"-2"
"110538","California State University-Chico","2022","Full-time students, Undergraduate, Non-degree/certificate-seeking","30","14","16","0","0","0","0","0","0","0","0","0","0","0","0","0","0","0","0","0","0","0","0","0","0","0","0","30","14","16",,,,,"-2"
"110538","California State University-Chico","2022","Full-time students, Graduate","722","225","497","5","1","4","25","6","19","10","3","7","183","46","137","0","0","0","387","114","273","31","8","23","25","11","14","56","36","20",,,,,"-2"
"110538","California State University-Chico","2022","Full-time students, Undergraduate, Other degree/certificatee-seeking, Transfer-ins","1174","526","648","4","2","2","70","32","38","26","14","12","405","166","239","0","0","0","561","260","301","57","22","35","43","24","19","8","6","2",,,,,"-2"
"110538","California State University-Chico","2022","Full-time students, Undergraduate, Other degree/certificatee-seeking, Continuing","8410","3837","4573","30","9","21","498","251","247","217","101","116","3217","1315","1902","18","12","6","3597","1721","1876","446","200","246","269","141","128","118","87","31",,,,,"-2"
"110538","California State University-Chico","2022","Part-time students total","1877","817","1060","9","4","5","125","57","68","69","30","39","582","232","350","6","1","5","805","351","454","102","44","58","124","63","61","55","35","20",,,,,"-2"
"110538","California State University-Chico","2022","Part-time students, Undergraduate total","1397","644","753","8","3","5","92","44","48","50","20","30","466","192","274","5","1","4","590","290","300","83","38","45","83","42","41","20","14","6",,,,,"-2"
"110538","California State University-Chico","2022","Part-time students, Undergraduate, Degree/certificate-seeking total","1299","607","692","8","3","5","84","41","43","46","18","28","426","182","244","5","1","4","567","278","289","76","36","40","68","34","34","19","14","5",,,,,"-2"
"110538","California State University-Chico","2022","Part-time students, Undergraduate, Degree/certificate-seeking, First-time","50","20","30","0","0","0","1","0","1","3","2","1","12","5","7","1","0","1","26","10","16","5","2","3","1","1","0","1","0","1",,,,,"-2"
"110538","California State University-Chico","2022","Part-time students, Undergraduate, Degree/certificate-seeking, Other degree/certificate-seeking","1249","587","662","8","3","5","83","41","42","43","16","27","414","177","237","4","1","3","541","268","273","71","34","37","67","33","34","18","14","4",,,,,"-2"
"110538","California State University-Chico","2022","Part-time students, Undergraduate, Non-degree/certificate-seeking","98","37","61","0","0","0","8","3","5","4","2","2","40","10","30","0","0","0","23","12","11","7","2","5","15","8","7","1","0","1",,,,,"-2"
"110538","California State University-Chico","2022","Part-time students, Graduate","480","173","307","1","1","0","33","13","20","19","10","9","116","40","76","1","0","1","215","61","154","19","6","13","41","21","20","35","21","14",,,,,"-2"
"110538","California State University-Chico","2022","Part-time students, Undergraduate, Other degree/certificatee-seeking, Transfer-ins","161","57","104","1","0","1","13","7","6","7","4","3","61","20","41","1","0","1","60","17","43","8","5","3","9","3","6","1","1","0",,,,,"-2"
"110538","California State University-Chico","2022","Part-time students, Undergraduate, Other degree/certificatee-seeking, Continuing","1088","530","558","7","3","4","70","34","36","36","12","24","353","157","196","3","1","2","481","251","230","63","29","34","58","30","28","17","13","4",,,,,"-2"
"110547","California State University-Dominguez Hills","2022","All students total","16426","6186","10240","18","3","15","1234","574","660","1815","593","1222","11135","4048","7087","37","10","27","1079","453","626","355","152","203","473","181","292","280","172","108","1721","122","1843","14583","-2"
"110547","California State University-Dominguez Hills","2022","All students, Undergraduate total","13969","5437","8532","14","2","12","916","470","446","1571","527","1044","9987","3764","6223","29","9","20","679","318","361","297","140","157","357","142","215","119","65","54","1429","102","1531","12438","-2"
"110547","California State University-Dominguez Hills","2022","All students, Undergraduate, Degree/certificate-seeking total","13903","5415","8488","14","2","12","910","468","442","1568","525","1043","9970","3761","6209","29","9","20","667","312","355","290","136","154","351","142","209","104","60","44",,,,,"-2"
"110547","California State University-Dominguez Hills","2022","All students, Undergraduate, Degree/certificate-seeking, First-time","2062","918","1144","0","0","0","78","37","41","218","82","136","1655","740","915","5","2","3","34","17","17","33","15","18","31","18","13","8","7","1",,,,,"-2"
"110547","California State University-Dominguez Hills","2022","All students, Undergraduate, Other degree/certificate-seeking","11841","4497","7344","14","2","12","832","431","401","1350","443","907","8315","3021","5294","24","7","17","633","295","338","257","121","136","320","124","196","96","53","43",,,,,"-2"
"110547","California State University-Dominguez Hills","2022","All students, Undergraduate, Non-degree/certificate-seeking","66","22","44","0","0","0","6","2","4","3","2","1","17","3","14","0","0","0","12","6","6","7","4","3","6","0","6","15","5","10",,,,,"-2"
"110547","California State University-Dominguez Hills","2022","All students, Graduate","2457","749","1708","4","1","3","318","104","214","244","66","178","1148","284","864","8","1","7","400","135","265","58","12","46","116","39","77","161","107","54","292","20","312","2145","-2"
"110547","California State University-Dominguez Hills","2022","All students, Undergraduate, Other degree/certificatee-seeking, Transfer-ins","1940","730","1210","2","0","2","127","70","57","243","81","162","1297","449","848","2","2","0","151","73","78","46","19","27","49","22","27","23","14","9",,,,,"-2"
"110547","California State University-Dominguez Hills","2022","All students, Undergraduate, Other degree/certificatee-seeking, Continuing","9901","3767","6134","12","2","10","705","361","344","1107","362","745","7018","2572","4446","22","5","17","482","222","260","211","102","109","271","102","169","73","39","34",,,,,"-2"
"110547","California State University-Dominguez Hills","2022","Full-time students total","11785","4454","7331","12","3","9","774","372","402","1239","414","825","8360","3046","5314","22","6","16","632","254","378","242","101","141","266","107","159","238","151","87",,,,,"-2"
"110547","California State University-Dominguez Hills","2022","Full-time students, Undergraduate total","10396","4052","6344","9","2","7","604","322","282","1120","387","733","7701","2900","4801","17","5","12","429","195","234","205","95","110","215","93","122","96","53","43",,,,,"-2"
"110547","California State University-Dominguez Hills","2022","Full-time students, Undergraduate, Degree/certificate-seeking total","10380","4046","6334","9","2","7","604","322","282","1119","386","733","7701","2900","4801","17","5","12","429","195","234","205","95","110","215","93","122","81","48","33",,,,,"-2"
"110547","California State University-Dominguez Hills","2022","Full-time students, Undergraduate, Degree/certificate-seeking, First-time","1908","839","1069","0","0","0","73","35","38","194","71","123","1536","678","858","4","2","2","34","17","17","30","12","18","29","17","12","8","7","1",,,,,"-2"
"110547","California State University-Dominguez Hills","2022","Full-time students, Undergraduate, Degree/certificate-seeking, Other degree/certificate-seeking","8472","3207","5265","9","2","7","531","287","244","925","315","610","6165","2222","3943","13","3","10","395","178","217","175","83","92","186","76","110","73","41","32",,,,,"-2"
"110547","California State University-Dominguez Hills","2022","Full-time students, Undergraduate, Non-degree/certificate-seeking","16","6","10","0","0","0","0","0","0","1","1","0","0","0","0","0","0","0","0","0","0","0","0","0","0","0","0","15","5","10",,,,,"-2"
"110547","California State University-Dominguez Hills","2022","Full-time students, Graduate","1389","402","987","3","1","2","170","50","120","119","27","92","659","146","513","5","1","4","203","59","144","37","6","31","51","14","37","142","98","44",,,,,"-2"
"110547","California State University-Dominguez Hills","2022","Full-time students, Undergraduate, Other degree/certificatee-seeking, Transfer-ins","1419","564","855","1","0","1","96","56","40","169","58","111","962","357","605","0","0","0","106","52","54","33","12","21","33","16","17","19","13","6",,,,,"-2"
"110547","California State University-Dominguez Hills","2022","Full-time students, Undergraduate, Other degree/certificatee-seeking, Continuing","7053","2643","4410","8","2","6","435","231","204","756","257","499","5203","1865","3338","13","3","10","289","126","163","142","71","71","153","60","93","54","28","26",,,,,"-2"
"110547","California State University-Dominguez Hills","2022","Part-time students total","4641","1732","2909","6","0","6","460","202","258","576","179","397","2775","1002","1773","15","4","11","447","199","248","113","51","62","207","74","133","42","21","21",,,,,"-2"
"110547","California State University-Dominguez Hills","2022","Part-time students, Undergraduate total","3573","1385","2188","5","0","5","312","148","164","451","140","311","2286","864","1422","12","4","8","250","123","127","92","45","47","142","49","93","23","12","11",,,,,"-2"
"110547","California State University-Dominguez Hills","2022","Part-time students, Undergraduate, Degree/certificate-seeking total","3523","1369","2154","5","0","5","306","146","160","449","139","310","2269","861","1408","12","4","8","238","117","121","85","41","44","136","49","87","23","12","11",,,,,"-2"
"110547","California State University-Dominguez Hills","2022","Part-time students, Undergraduate, Degree/certificate-seeking, First-time","154","79","75","0","0","0","5","2","3","24","11","13","119","62","57","1","0","1","0","0","0","3","3","0","2","1","1","0","0","0",,,,,"-2"
"110547","California State University-Dominguez Hills","2022","Part-time students, Undergraduate, Degree/certificate-seeking, Other degree/certificate-seeking","3369","1290","2079","5","0","5","301","144","157","425","128","297","2150","799","1351","11","4","7","238","117","121","82","38","44","134","48","86","23","12","11",,,,,"-2"
"110547","California State University-Dominguez Hills","2022","Part-time students, Undergraduate, Non-degree/certificate-seeking","50","16","34","0","0","0","6","2","4","2","1","1","17","3","14","0","0","0","12","6","6","7","4","3","6","0","6","0","0","0",,,,,"-2"
"110547","California State University-Dominguez Hills","2022","Part-time students, Graduate","1068","347","721","1","0","1","148","54","94","125","39","86","489","138","351","3","0","3","197","76","121","21","6","15","65","25","40","19","9","10",,,,,"-2"
"110547","California State University-Dominguez Hills","2022","Part-time students, Undergraduate, Other degree/certificatee-seeking, Transfer-ins","521","166","355","1","0","1","31","14","17","74","23","51","335","92","243","2","2","0","45","21","24","13","7","6","16","6","10","4","1","3",,,,,"-2"
"110547","California State University-Dominguez Hills","2022","Part-time students, Undergraduate, Other degree/certificatee-seeking, Continuing","2848","1124","1724","4","0","4","270","130","140","351","105","246","1815","707","1108","9","2","7","193","96","97","69","31","38","118","42","76","19","11","8",,,,,"-2"
"110556","California State University-Fresno","2022","All students total","23999","9584","14415","69","26","43","2881","1271","1610","672","335","337","14189","5219","8970","32","14","18","4055","1694","2361","573","254","319","812","376","436","716","395","321","2815","185","3000","20999","-2"
"110556","California State University-Fresno","2022","All students, Undergraduate total","21354","8696","12658","61","23","38","2634","1199","1435","610","301","309","12877","4830","8047","29","12","17","3430","1492","1938","502","224","278","718","338","380","493","277","216","2563","168","2731","18623","-2"
"110556","California State University-Fresno","2022","All students, Undergraduate, Degree/certificate-seeking total","20985","8524","12461","58","22","36","2580","1178","1402","606","300","306","12866","4823","8043","28","12","16","3344","1446","1898","492","219","273","524","250","274","487","274","213",,,,,"-2"
"110556","California State University-Fresno","2022","All students, Undergraduate, Degree/certificate-seeking, First-time","3458","1420","2038","8","1","7","464","215","249","132","77","55","2219","821","1398","1","1","0","395","183","212","81","35","46","57","31","26","101","56","45",,,,,"-2"
"110556","California State University-Fresno","2022","All students, Undergraduate, Other degree/certificate-seeking","17527","7104","10423","50","21","29","2116","963","1153","474","223","251","10647","4002","6645","27","11","16","2949","1263","1686","411","184","227","467","219","248","386","218","168",,,,,"-2"
"110556","California State University-Fresno","2022","All students, Undergraduate, Non-degree/certificate-seeking","369","172","197","3","1","2","54","21","33","4","1","3","11","7","4","1","0","1","86","46","40","10","5","5","194","88","106","6","3","3",,,,,"-2"
"110556","California State University-Fresno","2022","All students, Graduate","2645","888","1757","8","3","5","247","72","175","62","34","28","1312","389","923","3","2","1","625","202","423","71","30","41","94","38","56","223","118","105","252","17","269","2376","-2"
"110556","California State University-Fresno","2022","All students, Undergraduate, Other degree/certificatee-seeking, Transfer-ins","2463","937","1526","7","3","4","211","75","136","55","29","26","1524","544","980","5","2","3","488","205","283","51","24","27","89","37","52","33","18","15",,,,,"-2"
"110556","California State University-Fresno","2022","All students, Undergraduate, Other degree/certificatee-seeking, Continuing","15064","6167","8897","43","18","25","1905","888","1017","419","194","225","9123","3458","5665","22","9","13","2461","1058","1403","360","160","200","378","182","196","353","200","153",,,,,"-2"
"110556","California State University-Fresno","2022","Full-time students total","19412","7597","11815","51","21","30","2305","1012","1293","536","271","265","11778","4249","7529","27","13","14","3192","1290","1902","475","206","269","464","213","251","584","322","262",,,,,"-2"
"110556","California State University-Fresno","2022","Full-time students, Undergraduate total","17563","7010","10553","47","20","27","2133","964","1169","494","249","245","10841","3986","6855","25","12","13","2783","1179","1604","426","185","241","403","189","214","411","226","185",,,,,"-2"
"110556","California State University-Fresno","2022","Full-time students, Undergraduate, Degree/certificate-seeking total","17557","7006","10551","47","20","27","2133","964","1169","494","249","245","10841","3986","6855","25","12","13","2783","1179","1604","426","185","241","402","188","214","406","223","183",,,,,"-2"
"110556","California State University-Fresno","2022","Full-time students, Undergraduate, Degree/certificate-seeking, First-time","3236","1328","1908","7","1","6","433","195","238","111","64","47","2093","784","1309","1","1","0","384","177","207","76","34","42","54","30","24","77","42","35",,,,,"-2"
"110556","California State University-Fresno","2022","Full-time students, Undergraduate, Degree/certificate-seeking, Other degree/certificate-seeking","14321","5678","8643","40","19","21","1700","769","931","383","185","198","8748","3202","5546","24","11","13","2399","1002","1397","350","151","199","348","158","190","329","181","148",,,,,"-2"
"110556","California State University-Fresno","2022","Full-time students, Undergraduate, Non-degree/certificate-seeking","6","4","2","0","0","0","0","0","0","0","0","0","0","0","0","0","0","0","0","0","0","0","0","0","1","1","0","5","3","2",,,,,"-2"
"110556","California State University-Fresno","2022","Full-time students, Graduate","1849","587","1262","4","1","3","172","48","124","42","22","20","937","263","674","2","1","1","409","111","298","49","21","28","61","24","37","173","96","77",,,,,"-2"
"110556","California State University-Fresno","2022","Full-time students, Undergraduate, Other degree/certificatee-seeking, Transfer-ins","2020","789","1231","5","3","2","167","64","103","45","26","19","1231","445","786","5","2","3","417","177","240","46","24","22","74","33","41","30","15","15",,,,,"-2"
"110556","California State University-Fresno","2022","Full-time students, Undergraduate, Other degree/certificatee-seeking, Continuing","12301","4889","7412","35","16","19","1533","705","828","338","159","179","7517","2757","4760","19","9","10","1982","825","1157","304","127","177","274","125","149","299","166","133",,,,,"-2"
"110556","California State University-Fresno","2022","Part-time students total","4587","1987","2600","18","5","13","576","259","317","136","64","72","2411","970","1441","5","1","4","863","404","459","98","48","50","348","163","185","132","73","59",,,,,"-2"
"110556","California State University-Fresno","2022","Part-time students, Undergraduate total","3791","1686","2105","14","3","11","501","235","266","116","52","64","2036","844","1192","4","0","4","647","313","334","76","39","37","315","149","166","82","51","31",,,,,"-2"
"110556","California State University-Fresno","2022","Part-time students, Undergraduate, Degree/certificate-seeking total","3428","1518","1910","11","2","9","447","214","233","112","51","61","2025","837","1188","3","0","3","561","267","294","66","34","32","122","62","60","81","51","30",,,,,"-2"
"110556","California State University-Fresno","2022","Part-time students, Undergraduate, Degree/certificate-seeking, First-time","222","92","130","1","0","1","31","20","11","21","13","8","126","37","89","0","0","0","11","6","5","5","1","4","3","1","2","24","14","10",,,,,"-2"
"110556","California State University-Fresno","2022","Part-time students, Undergraduate, Degree/certificate-seeking, Other degree/certificate-seeking","3206","1426","1780","10","2","8","416","194","222","91","38","53","1899","800","1099","3","0","3","550","261","289","61","33","28","119","61","58","57","37","20",,,,,"-2"
"110556","California State University-Fresno","2022","Part-time students, Undergraduate, Non-degree/certificate-seeking","363","168","195","3","1","2","54","21","33","4","1","3","11","7","4","1","0","1","86","46","40","10","5","5","193","87","106","1","0","1",,,,,"-2"
"110556","California State University-Fresno","2022","Part-time students, Graduate","796","301","495","4","2","2","75","24","51","20","12","8","375","126","249","1","1","0","216","91","125","22","9","13","33","14","19","50","22","28",,,,,"-2"
"110556","California State University-Fresno","2022","Part-time students, Undergraduate, Other degree/certificatee-seeking, Transfer-ins","443","148","295","2","0","2","44","11","33","10","3","7","293","99","194","0","0","0","71","28","43","5","0","5","15","4","11","3","3","0",,,,,"-2"
"110556","California State University-Fresno","2022","Part-time students, Undergraduate, Other degree/certificatee-seeking, Continuing","2763","1278","1485","8","2","6","372","183","189","81","35","46","1606","701","905","3","0","3","479","233","246","56","33","23","104","57","47","54","34","20",,,,,"-2"
"110565","California State University-Fullerton","2022","All students total","40386","16775","23611","40","14","26","8817","4196","4621","905","364","541","20265","7572","12693","62","32","30","6637","2863","3774","1450","588","862","1000","478","522","1210","668","542","3677","339","4016","36370","-2"
"110565","California State University-Fullerton","2022","All students, Undergraduate total","35432","14920","20512","33","11","22","7861","3819","4042","769","314","455","18502","7001","11501","54","29","25","5497","2485","3012","1292","543","749","808","396","412","616","322","294","3099","303","3402","32030","-2"
"110565","California State University-Fullerton","2022","All students, Undergraduate, Degree/certificate-seeking total","35249","14863","20386","33","11","22","7839","3810","4029","761","312","449","18440","6982","11458","53","29","24","5463","2475","2988","1281","540","741","802","393","409","577","311","266",,,,,"-2"
"110565","California State University-Fullerton","2022","All students, Undergraduate, Degree/certificate-seeking, First-time","5280","2200","3080","6","0","6","1218","611","607","124","46","78","3126","1196","1930","10","6","4","516","215","301","190","77","113","73","40","33","17","9","8",,,,,"-2"
"110565","California State University-Fullerton","2022","All students, Undergraduate, Other degree/certificate-seeking","29969","12663","17306","27","11","16","6621","3199","3422","637","266","371","15314","5786","9528","43","23","20","4947","2260","2687","1091","463","628","729","353","376","560","302","258",,,,,"-2"
"110565","California State University-Fullerton","2022","All students, Undergraduate, Non-degree/certificate-seeking","183","57","126","0","0","0","22","9","13","8","2","6","62","19","43","1","0","1","34","10","24","11","3","8","6","3","3","39","11","28",,,,,"-2"
"110565","California State University-Fullerton","2022","All students, Graduate","4954","1855","3099","7","3","4","956","377","579","136","50","86","1763","571","1192","8","3","5","1140","378","762","158","45","113","192","82","110","594","346","248","578","36","614","4340","-2"
"110565","California State University-Fullerton","2022","All students, Undergraduate, Other degree/certificatee-seeking, Transfer-ins","4520","1899","2621","10","7","3","788","368","420","102","50","52","2266","855","1411","4","2","2","888","396","492","182","85","97","159","71","88","121","65","56",,,,,"-2"
"110565","California State University-Fullerton","2022","All students, Undergraduate, Other degree/certificatee-seeking, Continuing","25449","10764","14685","17","4","13","5833","2831","3002","535","216","319","13048","4931","8117","39","21","18","4059","1864","2195","909","378","531","570","282","288","439","237","202",,,,,"-2"
"110565","California State University-Fullerton","2022","Full-time students total","30089","12346","17743","25","9","16","6757","3180","3577","651","260","391","15313","5597","9716","41","21","20","4611","2006","2605","1112","446","666","619","301","318","960","526","434",,,,,"-2"
"110565","California State University-Fullerton","2022","Full-time students, Undergraduate total","27822","11554","16268","24","9","15","6366","3042","3324","600","245","355","14537","5393","9144","40","21","19","4135","1866","2269","1040","428","612","556","280","276","524","270","254",,,,,"-2"
"110565","California State University-Fullerton","2022","Full-time students, Undergraduate, Degree/certificate-seeking total","27783","11543","16240","24","9","15","6366","3042","3324","600","245","355","14537","5393","9144","40","21","19","4135","1866","2269","1039","428","611","556","280","276","486","259","227",,,,,"-2"
"110565","California State University-Fullerton","2022","Full-time students, Undergraduate, Degree/certificate-seeking, First-time","4965","2054","2911","5","0","5","1168","578","590","114","42","72","2907","1101","1806","10","6","4","497","210","287","184","74","110","65","35","30","15","8","7",,,,,"-2"
"110565","California State University-Fullerton","2022","Full-time students, Undergraduate, Degree/certificate-seeking, Other degree/certificate-seeking","22818","9489","13329","19","9","10","5198","2464","2734","486","203","283","11630","4292","7338","30","15","15","3638","1656","1982","855","354","501","491","245","246","471","251","220",,,,,"-2"
"110565","California State University-Fullerton","2022","Full-time students, Undergraduate, Non-degree/certificate-seeking","39","11","28","0","0","0","0","0","0","0","0","0","0","0","0","0","0","0","0","0","0","1","0","1","0","0","0","38","11","27",,,,,"-2"
"110565","California State University-Fullerton","2022","Full-time students, Graduate","2267","792","1475","1","0","1","391","138","253","51","15","36","776","204","572","1","0","1","476","140","336","72","18","54","63","21","42","436","256","180",,,,,"-2"
"110565","California State University-Fullerton","2022","Full-time students, Undergraduate, Other degree/certificatee-seeking, Transfer-ins","3517","1486","2031","8","6","2","628","301","327","80","42","38","1742","646","1096","3","1","2","685","313","372","145","63","82","111","53","58","115","61","54",,,,,"-2"
"110565","California State University-Fullerton","2022","Full-time students, Undergraduate, Other degree/certificatee-seeking, Continuing","19301","8003","11298","11","3","8","4570","2163","2407","406","161","245","9888","3646","6242","27","14","13","2953","1343","1610","710","291","419","380","192","188","356","190","166",,,,,"-2"
"110565","California State University-Fullerton","2022","Part-time students total","10297","4429","5868","15","5","10","2060","1016","1044","254","104","150","4952","1975","2977","21","11","10","2026","857","1169","338","142","196","381","177","204","250","142","108",,,,,"-2"
"110565","California State University-Fullerton","2022","Part-time students, Undergraduate total","7610","3366","4244","9","2","7","1495","777","718","169","69","100","3965","1608","2357","14","8","6","1362","619","743","252","115","137","252","116","136","92","52","40",,,,,"-2"
"110565","California State University-Fullerton","2022","Part-time students, Undergraduate, Degree/certificate-seeking total","7466","3320","4146","9","2","7","1473","768","705","161","67","94","3903","1589","2314","13","8","5","1328","609","719","242","112","130","246","113","133","91","52","39",,,,,"-2"
"110565","California State University-Fullerton","2022","Part-time students, Undergraduate, Degree/certificate-seeking, First-time","315","146","169","1","0","1","50","33","17","10","4","6","219","95","124","0","0","0","19","5","14","6","3","3","8","5","3","2","1","1",,,,,"-2"
"110565","California State University-Fullerton","2022","Part-time students, Undergraduate, Degree/certificate-seeking, Other degree/certificate-seeking","7151","3174","3977","8","2","6","1423","735","688","151","63","88","3684","1494","2190","13","8","5","1309","604","705","236","109","127","238","108","130","89","51","38",,,,,"-2"
"110565","California State University-Fullerton","2022","Part-time students, Undergraduate, Non-degree/certificate-seeking","144","46","98","0","0","0","22","9","13","8","2","6","62","19","43","1","0","1","34","10","24","10","3","7","6","3","3","1","0","1",,,,,"-2"
"110565","California State University-Fullerton","2022","Part-time students, Graduate","2687","1063","1624","6","3","3","565","239","326","85","35","50","987","367","620","7","3","4","664","238","426","86","27","59","129","61","68","158","90","68",,,,,"-2"
"110565","California State University-Fullerton","2022","Part-time students, Undergraduate, Other degree/certificatee-seeking, Transfer-ins","1003","413","590","2","1","1","160","67","93","22","8","14","524","209","315","1","1","0","203","83","120","37","22","15","48","18","30","6","4","2",,,,,"-2"
"110565","California State University-Fullerton","2022","Part-time students, Undergraduate, Other degree/certificatee-seeking, Continuing","6148","2761","3387","6","1","5","1263","668","595","129","55","74","3160","1285","1875","12","7","5","1106","521","585","199","87","112","190","90","100","83","47","36",,,,,"-2"
"110574","California State University-East Bay","2022","All students total","13673","5481","8192","21","7","14","2990","1399","1591","1202","409","793","4951","1705","3246","133","56","77","2218","896","1322","658","264","394","525","214","311","975","531","444","1598","131","1729","11944","-2"
"110574","California State University-East Bay","2022","All students, Undergraduate total","10796","4369","6427","19","7","12","2451","1204","1247","980","344","636","4362","1525","2837","113","48","65","1668","712","956","550","231","319","409","173","236","244","125","119","1126","110","1236","9560","-2"
"110574","California State University-East Bay","2022","All students, Undergraduate, Degree/certificate-seeking total","10709","4337","6372","19","7","12","2440","1201","1239","975","344","631","4333","1516","2817","113","48","65","1653","702","951","546","230","316","398","168","230","232","121","111",,,,,"-2"
"110574","California State University-East Bay","2022","All students, Undergraduate, Degree/certificate-seeking, First-time","896","393","503","1","1","0","190","105","85","76","33","43","436","164","272","10","7","3","84","37","47","49","23","26","20","5","15","30","18","12",,,,,"-2"
"110574","California State University-East Bay","2022","All students, Undergraduate, Other degree/certificate-seeking","9813","3944","5869","18","6","12","2250","1096","1154","899","311","588","3897","1352","2545","103","41","62","1569","665","904","497","207","290","378","163","215","202","103","99",,,,,"-2"
"110574","California State University-East Bay","2022","All students, Undergraduate, Non-degree/certificate-seeking","87","32","55","0","0","0","11","3","8","5","0","5","29","9","20","0","0","0","15","10","5","4","1","3","11","5","6","12","4","8",,,,,"-2"
"110574","California State University-East Bay","2022","All students, Graduate","2877","1112","1765","2","0","2","539","195","344","222","65","157","589","180","409","20","8","12","550","184","366","108","33","75","116","41","75","731","406","325","472","21","493","2384","-2"
"110574","California State University-East Bay","2022","All students, Undergraduate, Other degree/certificatee-seeking, Transfer-ins","1839","698","1141","2","0","2","406","190","216","179","57","122","666","216","450","16","6","10","351","132","219","96","43","53","88","40","48","35","14","21",,,,,"-2"
"110574","California State University-East Bay","2022","All students, Undergraduate, Other degree/certificatee-seeking, Continuing","7974","3246","4728","16","6","10","1844","906","938","720","254","466","3231","1136","2095","87","35","52","1218","533","685","401","164","237","290","123","167","167","89","78",,,,,"-2"
"110574","California State University-East Bay","2022","Full-time students total","10116","4066","6050","15","6","9","2213","1053","1160","840","293","547","3857","1314","2543","92","42","50","1477","587","890","502","205","297","333","132","201","787","434","353",,,,,"-2"
"110574","California State University-East Bay","2022","Full-time students, Undergraduate total","8165","3312","4853","14","6","8","1864","935","929","707","255","452","3467","1201","2266","76","36","40","1138","482","656","426","179","247","255","106","149","218","112","106",,,,,"-2"
"110574","California State University-East Bay","2022","Full-time students, Undergraduate, Degree/certificate-seeking total","8149","3306","4843","14","6","8","1864","935","929","707","255","452","3467","1201","2266","76","36","40","1138","482","656","425","179","246","251","104","147","207","108","99",,,,,"-2"
"110574","California State University-East Bay","2022","Full-time students, Undergraduate, Degree/certificate-seeking, First-time","882","384","498","1","1","0","186","102","84","75","33","42","431","162","269","9","6","3","81","34","47","49","23","26","20","5","15","30","18","12",,,,,"-2"
"110574","California State University-East Bay","2022","Full-time students, Undergraduate, Degree/certificate-seeking, Other degree/certificate-seeking","7267","2922","4345","13","5","8","1678","833","845","632","222","410","3036","1039","1997","67","30","37","1057","448","609","376","156","220","231","99","132","177","90","87",,,,,"-2"
"110574","California State University-East Bay","2022","Full-time students, Undergraduate, Non-degree/certificate-seeking","16","6","10","0","0","0","0","0","0","0","0","0","0","0","0","0","0","0","0","0","0","1","0","1","4","2","2","11","4","7",,,,,"-2"
"110574","California State University-East Bay","2022","Full-time students, Graduate","1951","754","1197","1","0","1","349","118","231","133","38","95","390","113","277","16","6","10","339","105","234","76","26","50","78","26","52","569","322","247",,,,,"-2"
"110574","California State University-East Bay","2022","Full-time students, Undergraduate, Other degree/certificatee-seeking, Transfer-ins","1428","552","876","2","0","2","314","152","162","132","40","92","526","172","354","8","3","5","271","107","164","80","38","42","61","27","34","34","13","21",,,,,"-2"
"110574","California State University-East Bay","2022","Full-time students, Undergraduate, Other degree/certificatee-seeking, Continuing","5839","2370","3469","11","5","6","1364","681","683","500","182","318","2510","867","1643","59","27","32","786","341","445","296","118","178","170","72","98","143","77","66",,,,,"-2"
"110574","California State University-East Bay","2022","Part-time students total","3557","1415","2142","6","1","5","777","346","431","362","116","246","1094","391","703","41","14","27","741","309","432","156","59","97","192","82","110","188","97","91",,,,,"-2"
"110574","California State University-East Bay","2022","Part-time students, Undergraduate total","2631","1057","1574","5","1","4","587","269","318","273","89","184","895","324","571","37","12","25","530","230","300","124","52","72","154","67","87","26","13","13",,,,,"-2"
"110574","California State University-East Bay","2022","Part-time students, Undergraduate, Degree/certificate-seeking total","2560","1031","1529","5","1","4","576","266","310","268","89","179","866","315","551","37","12","25","515","220","295","121","51","70","147","64","83","25","13","12",,,,,"-2"
"110574","California State University-East Bay","2022","Part-time students, Undergraduate, Degree/certificate-seeking, First-time","14","9","5","0","0","0","4","3","1","1","0","1","5","2","3","1","1","0","3","3","0","0","0","0","0","0","0","0","0","0",,,,,"-2"
"110574","California State University-East Bay","2022","Part-time students, Undergraduate, Degree/certificate-seeking, Other degree/certificate-seeking","2546","1022","1524","5","1","4","572","263","309","267","89","178","861","313","548","36","11","25","512","217","295","121","51","70","147","64","83","25","13","12",,,,,"-2"
"110574","California State University-East Bay","2022","Part-time students, Undergraduate, Non-degree/certificate-seeking","71","26","45","0","0","0","11","3","8","5","0","5","29","9","20","0","0","0","15","10","5","3","1","2","7","3","4","1","0","1",,,,,"-2"
"110574","California State University-East Bay","2022","Part-time students, Graduate","926","358","568","1","0","1","190","77","113","89","27","62","199","67","132","4","2","2","211","79","132","32","7","25","38","15","23","162","84","78",,,,,"-2"
"110574","California State University-East Bay","2022","Part-time students, Undergraduate, Other degree/certificatee-seeking, Transfer-ins","411","146","265","0","0","0","92","38","54","47","17","30","140","44","96","8","3","5","80","25","55","16","5","11","27","13","14","1","1","0",,,,,"-2"
"110574","California State University-East Bay","2022","Part-time students, Undergraduate, Other degree/certificatee-seeking, Continuing","2135","876","1259","5","1","4","480","225","255","220","72","148","721","269","452","28","8","20","432","192","240","105","46","59","120","51","69","24","12","12",,,,,"-2"
"110583","California State University-Long Beach","2022","All students total","38973","16087","22886","43","20","23","8114","3710","4404","1422","553","869","18932","7222","11710","85","35","50","6288","2637","3651","1689","707","982","899","415","484","1501","788","713","3129","542","3671","35302","-2"
"110583","California State University-Long Beach","2022","All students, Undergraduate total","32931","13772","19159","36","18","18","7203","3354","3849","1167","459","708","16391","6379","10012","74","32","42","5066","2176","2890","1462","622","840","654","310","344","878","422","456","2494","488","2982","29949","-2"
"110583","California State University-Long Beach","2022","All students, Undergraduate, Degree/certificate-seeking total","32780","13718","19062","36","18","18","7201","3353","3848","1167","459","708","16373","6376","9997","74","32","42","5061","2175","2886","1462","622","840","639","303","336","767","380","387",,,,,"-2"
"110583","California State University-Long Beach","2022","All students, Undergraduate, Degree/certificate-seeking, First-time","5365","2093","3272","3","1","2","1217","542","675","211","80","131","2870","1059","1811","12","2","10","652","244","408","248","93","155","64","26","38","88","46","42",,,,,"-2"
"110583","California State University-Long Beach","2022","All students, Undergraduate, Other degree/certificate-seeking","27415","11625","15790","33","17","16","5984","2811","3173","956","379","577","13503","5317","8186","62","30","32","4409","1931","2478","1214","529","685","575","277","298","679","334","345",,,,,"-2"
"110583","California State University-Long Beach","2022","All students, Undergraduate, Non-degree/certificate-seeking","151","54","97","0","0","0","2","1","1","0","0","0","18","3","15","0","0","0","5","1","4","0","0","0","15","7","8","111","42","69",,,,,"-2"
"110583","California State University-Long Beach","2022","All students, Graduate","6042","2315","3727","7","2","5","911","356","555","255","94","161","2541","843","1698","11","3","8","1222","461","761","227","85","142","245","105","140","623","366","257","635","54","689","5353","-2"
"110583","California State University-Long Beach","2022","All students, Undergraduate, Other degree/certificatee-seeking, Transfer-ins","3964","1668","2296","7","2","5","683","331","352","137","47","90","2039","777","1262","8","2","6","723","345","378","173","80","93","98","47","51","96","37","59",,,,,"-2"
"110583","California State University-Long Beach","2022","All students, Undergraduate, Other degree/certificatee-seeking, Continuing","23451","9957","13494","26","15","11","5301","2480","2821","819","332","487","11464","4540","6924","54","28","26","3686","1586","2100","1041","449","592","477","230","247","583","297","286",,,,,"-2"
"110583","California State University-Long Beach","2022","Full-time students total","31371","12704","18667","29","12","17","6686","2997","3689","1143","439","704","15264","5723","9541","65","22","43","4882","1978","2904","1355","541","814","590","276","314","1357","716","641",,,,,"-2"
"110583","California State University-Long Beach","2022","Full-time students, Undergraduate total","27710","11319","16391","27","11","16","6147","2796","3351","992","385","607","13813","5264","8549","56","19","37","4174","1738","2436","1225","499","726","471","223","248","805","384","421",,,,,"-2"
"110583","California State University-Long Beach","2022","Full-time students, Undergraduate, Degree/certificate-seeking total","27599","11277","16322","27","11","16","6147","2796","3351","992","385","607","13813","5264","8549","56","19","37","4174","1738","2436","1225","499","726","471","223","248","694","342","352",,,,,"-2"
"110583","California State University-Long Beach","2022","Full-time students, Undergraduate, Degree/certificate-seeking, First-time","5260","2042","3218","3","1","2","1194","526","668","209","79","130","2809","1036","1773","12","2","10","642","238","404","244","91","153","60","24","36","87","45","42",,,,,"-2"
"110583","California State University-Long Beach","2022","Full-time students, Undergraduate, Degree/certificate-seeking, Other degree/certificate-seeking","22339","9235","13104","24","10","14","4953","2270","2683","783","306","477","11004","4228","6776","44","17","27","3532","1500","2032","981","408","573","411","199","212","607","297","310",,,,,"-2"
"110583","California State University-Long Beach","2022","Full-time students, Undergraduate, Non-degree/certificate-seeking","111","42","69","0","0","0","0","0","0","0","0","0","0","0","0","0","0","0","0","0","0","0","0","0","0","0","0","111","42","69",,,,,"-2"
"110583","California State University-Long Beach","2022","Full-time students, Graduate","3661","1385","2276","2","1","1","539","201","338","151","54","97","1451","459","992","9","3","6","708","240","468","130","42","88","119","53","66","552","332","220",,,,,"-2"
"110583","California State University-Long Beach","2022","Full-time students, Undergraduate, Other degree/certificatee-seeking, Transfer-ins","3354","1402","1952","7","2","5","593","277","316","106","42","64","1703","643","1060","7","1","6","628","302","326","151","66","85","68","34","34","91","35","56",,,,,"-2"
"110583","California State University-Long Beach","2022","Full-time students, Undergraduate, Other degree/certificatee-seeking, Continuing","18985","7833","11152","17","8","9","4360","1993","2367","677","264","413","9301","3585","5716","37","16","21","2904","1198","1706","830","342","488","343","165","178","516","262","254",,,,,"-2"
"110583","California State University-Long Beach","2022","Part-time students total","7602","3383","4219","14","8","6","1428","713","715","279","114","165","3668","1499","2169","20","13","7","1406","659","747","334","166","168","309","139","170","144","72","72",,,,,"-2"
"110583","California State University-Long Beach","2022","Part-time students, Undergraduate total","5221","2453","2768","9","7","2","1056","558","498","175","74","101","2578","1115","1463","18","13","5","892","438","454","237","123","114","183","87","96","73","38","35",,,,,"-2"
"110583","California State University-Long Beach","2022","Part-time students, Undergraduate, Degree/certificate-seeking total","5181","2441","2740","9","7","2","1054","557","497","175","74","101","2560","1112","1448","18","13","5","887","437","450","237","123","114","168","80","88","73","38","35",,,,,"-2"
"110583","California State University-Long Beach","2022","Part-time students, Undergraduate, Degree/certificate-seeking, First-time","105","51","54","0","0","0","23","16","7","2","1","1","61","23","38","0","0","0","10","6","4","4","2","2","4","2","2","1","1","0",,,,,"-2"
"110583","California State University-Long Beach","2022","Part-time students, Undergraduate, Degree/certificate-seeking, Other degree/certificate-seeking","5076","2390","2686","9","7","2","1031","541","490","173","73","100","2499","1089","1410","18","13","5","877","431","446","233","121","112","164","78","86","72","37","35",,,,,"-2"
"110583","California State University-Long Beach","2022","Part-time students, Undergraduate, Non-degree/certificate-seeking","40","12","28","0","0","0","2","1","1","0","0","0","18","3","15","0","0","0","5","1","4","0","0","0","15","7","8","0","0","0",,,,,"-2"
"110583","California State University-Long Beach","2022","Part-time students, Graduate","2381","930","1451","5","1","4","372","155","217","104","40","64","1090","384","706","2","0","2","514","221","293","97","43","54","126","52","74","71","34","37",,,,,"-2"
"110583","California State University-Long Beach","2022","Part-time students, Undergraduate, Other degree/certificatee-seeking, Transfer-ins","610","266","344","0","0","0","90","54","36","31","5","26","336","134","202","1","1","0","95","43","52","22","14","8","30","13","17","5","2","3",,,,,"-2"
"110583","California State University-Long Beach","2022","Part-time students, Undergraduate, Other degree/certificatee-seeking, Continuing","4466","2124","2342","9","7","2","941","487","454","142","68","74","2163","955","1208","17","12","5","782","388","394","211","107","104","134","65","69","67","35","32",,,,,"-2"
"110592","California State University-Los Angeles","2022","All students total","26460","10904","15556","33","11","22","2994","1487","1507","1045","423","622","19281","7563","11718","19","7","12","1481","657","824","400","160","240","618","285","333","589","311","278","2720","257","2977","23483","-2"
"110592","California State University-Los Angeles","2022","All students, Undergraduate total","22737","9516","13221","26","8","18","2520","1299","1221","890","365","525","17182","6850","10332","14","5","9","1010","469","541","330","134","196","489","233","256","276","153","123","2351","220","2571","20166","-2"
"110592","California State University-Los Angeles","2022","All students, Undergraduate, Degree/certificate-seeking total","22690","9495","13195","26","8","18","2517","1296","1221","887","364","523","17173","6846","10327","14","5","9","1005","468","537","329","134","195","463","221","242","276","153","123",,,,,"-2"
"110592","California State University-Los Angeles","2022","All students, Undergraduate, Degree/certificate-seeking, First-time","3892","1766","2126","1","0","1","353","159","194","144","63","81","3149","1424","1725","3","0","3","83","39","44","65","26","39","59","34","25","35","21","14",,,,,"-2"
"110592","California State University-Los Angeles","2022","All students, Undergraduate, Other degree/certificate-seeking","18798","7729","11069","25","8","17","2164","1137","1027","743","301","442","14024","5422","8602","11","5","6","922","429","493","264","108","156","404","187","217","241","132","109",,,,,"-2"
"110592","California State University-Los Angeles","2022","All students, Undergraduate, Non-degree/certificate-seeking","47","21","26","0","0","0","3","3","0","3","1","2","9","4","5","0","0","0","5","1","4","1","0","1","26","12","14","0","0","0",,,,,"-2"
"110592","California State University-Los Angeles","2022","All students, Graduate","3723","1388","2335","7","3","4","474","188","286","155","58","97","2099","713","1386","5","2","3","471","188","283","70","26","44","129","52","77","313","158","155","369","37","406","3317","-2"
"110592","California State University-Los Angeles","2022","All students, Undergraduate, Other degree/certificatee-seeking, Transfer-ins","2663","1066","1597","5","3","2","324","166","158","123","47","76","1790","663","1127","2","1","1","232","100","132","48","16","32","80","38","42","59","32","27",,,,,"-2"
"110592","California State University-Los Angeles","2022","All students, Undergraduate, Other degree/certificatee-seeking, Continuing","16135","6663","9472","20","5","15","1840","971","869","620","254","366","12234","4759","7475","9","4","5","690","329","361","216","92","124","324","149","175","182","100","82",,,,,"-2"
"110592","California State University-Los Angeles","2022","Full-time students total","21038","8534","12504","21","8","13","2334","1135","1199","806","323","483","15549","5989","9560","15","5","10","1086","482","604","319","124","195","422","199","223","486","269","217",,,,,"-2"
"110592","California State University-Los Angeles","2022","Full-time students, Undergraduate total","18694","7707","10987","18","6","12","2069","1048","1021","713","289","424","14222","5569","8653","13","4","9","801","378","423","274","110","164","353","170","183","231","133","98",,,,,"-2"
"110592","California State University-Los Angeles","2022","Full-time students, Undergraduate, Degree/certificate-seeking total","18668","7695","10973","18","6","12","2069","1048","1021","713","289","424","14222","5569","8653","13","4","9","800","378","422","274","110","164","328","158","170","231","133","98",,,,,"-2"
"110592","California State University-Los Angeles","2022","Full-time students, Undergraduate, Degree/certificate-seeking, First-time","3715","1687","2028","1","0","1","340","154","186","136","57","79","2999","1359","1640","3","0","3","82","39","43","64","25","39","58","34","24","32","19","13",,,,,"-2"
"110592","California State University-Los Angeles","2022","Full-time students, Undergraduate, Degree/certificate-seeking, Other degree/certificate-seeking","14953","6008","8945","17","6","11","1729","894","835","577","232","345","11223","4210","7013","10","4","6","718","339","379","210","85","125","270","124","146","199","114","85",,,,,"-2"
"110592","California State University-Los Angeles","2022","Full-time students, Undergraduate, Non-degree/certificate-seeking","26","12","14","0","0","0","0","0","0","0","0","0","0","0","0","0","0","0","1","0","1","0","0","0","25","12","13","0","0","0",,,,,"-2"
"110592","California State University-Los Angeles","2022","Full-time students, Graduate","2344","827","1517","3","2","1","265","87","178","93","34","59","1327","420","907","2","1","1","285","104","181","45","14","31","69","29","40","255","136","119",,,,,"-2"
"110592","California State University-Los Angeles","2022","Full-time students, Undergraduate, Other degree/certificatee-seeking, Transfer-ins","2092","843","1249","4","2","2","259","130","129","98","39","59","1410","525","885","2","1","1","185","86","99","34","10","24","54","24","30","46","26","20",,,,,"-2"
"110592","California State University-Los Angeles","2022","Full-time students, Undergraduate, Other degree/certificatee-seeking, Continuing","12861","5165","7696","13","4","9","1470","764","706","479","193","286","9813","3685","6128","8","3","5","533","253","280","176","75","101","216","100","116","153","88","65",,,,,"-2"
"110592","California State University-Los Angeles","2022","Part-time students total","5422","2370","3052","12","3","9","660","352","308","239","100","139","3732","1574","2158","4","2","2","395","175","220","81","36","45","196","86","110","103","42","61",,,,,"-2"
"110592","California State University-Los Angeles","2022","Part-time students, Undergraduate total","4043","1809","2234","8","2","6","451","251","200","177","76","101","2960","1281","1679","1","1","0","209","91","118","56","24","32","136","63","73","45","20","25",,,,,"-2"
"110592","California State University-Los Angeles","2022","Part-time students, Undergraduate, Degree/certificate-seeking total","4022","1800","2222","8","2","6","448","248","200","174","75","99","2951","1277","1674","1","1","0","205","90","115","55","24","31","135","63","72","45","20","25",,,,,"-2"
"110592","California State University-Los Angeles","2022","Part-time students, Undergraduate, Degree/certificate-seeking, First-time","177","79","98","0","0","0","13","5","8","8","6","2","150","65","85","0","0","0","1","0","1","1","1","0","1","0","1","3","2","1",,,,,"-2"
"110592","California State University-Los Angeles","2022","Part-time students, Undergraduate, Degree/certificate-seeking, Other degree/certificate-seeking","3845","1721","2124","8","2","6","435","243","192","166","69","97","2801","1212","1589","1","1","0","204","90","114","54","23","31","134","63","71","42","18","24",,,,,"-2"
"110592","California State University-Los Angeles","2022","Part-time students, Undergraduate, Non-degree/certificate-seeking","21","9","12","0","0","0","3","3","0","3","1","2","9","4","5","0","0","0","4","1","3","1","0","1","1","0","1","0","0","0",,,,,"-2"
"110592","California State University-Los Angeles","2022","Part-time students, Graduate","1379","561","818","4","1","3","209","101","108","62","24","38","772","293","479","3","1","2","186","84","102","25","12","13","60","23","37","58","22","36",,,,,"-2"
"110592","California State University-Los Angeles","2022","Part-time students, Undergraduate, Other degree/certificatee-seeking, Transfer-ins","571","223","348","1","1","0","65","36","29","25","8","17","380","138","242","0","0","0","47","14","33","14","6","8","26","14","12","13","6","7",,,,,"-2"
"110592","California State University-Los Angeles","2022","Part-time students, Undergraduate, Other degree/certificatee-seeking, Continuing","3274","1498","1776","7","1","6","370","207","163","141","61","80","2421","1074","1347","1","1","0","157","76","81","40","17","23","108","49","59","29","12","17",,,,,"-2"
"110608","California State University-Northridge","2022","All students total","37579","16582","20997","28","12","16","3344","1776","1568","1750","705","1045","20107","8281","11826","52","25","27","7535","3599","3936","1110","509","601","2023","784","1239","1630","891","739","4505","435","4940","32639","-2"
"110608","California State University-Northridge","2022","All students, Undergraduate total","32181","14710","17471","20","10","10","2937","1616","1321","1585","664","921","18129","7687","10442","50","24","26","6288","3170","3118","970","468","502","1124","527","597","1078","544","534","3068","378","3446","28735","-2"
"110608","California State University-Northridge","2022","All students, Undergraduate, Degree/certificate-seeking total","32103","14686","17417","20","10","10","2935","1614","1321","1584","664","920","18119","7684","10435","50","24","26","6287","3170","3117","970","468","502","1084","517","567","1054","535","519",,,,,"-2"
"110608","California State University-Northridge","2022","All students, Undergraduate, Degree/certificate-seeking, First-time","4972","2350","2622","5","3","2","373","208","165","332","146","186","3254","1475","1779","5","3","2","646","326","320","146","74","72","78","36","42","133","79","54",,,,,"-2"
"110608","California State University-Northridge","2022","All students, Undergraduate, Other degree/certificate-seeking","27131","12336","14795","15","7","8","2562","1406","1156","1252","518","734","14865","6209","8656","45","21","24","5641","2844","2797","824","394","430","1006","481","525","921","456","465",,,,,"-2"
"110608","California State University-Northridge","2022","All students, Undergraduate, Non-degree/certificate-seeking","78","24","54","0","0","0","2","2","0","1","0","1","10","3","7","0","0","0","1","0","1","0","0","0","40","10","30","24","9","15",,,,,"-2"
"110608","California State University-Northridge","2022","All students, Graduate","5398","1872","3526","8","2","6","407","160","247","165","41","124","1978","594","1384","2","1","1","1247","429","818","140","41","99","899","257","642","552","347","205","1437","57","1494","3904","-2"
"110608","California State University-Northridge","2022","All students, Undergraduate, Other degree/certificatee-seeking, Transfer-ins","5076","2263","2813","3","0","3","504","264","240","224","93","131","2413","996","1417","7","2","5","1369","657","712","161","70","91","220","94","126","175","87","88",,,,,"-2"
"110608","California State University-Northridge","2022","All students, Undergraduate, Other degree/certificatee-seeking, Continuing","22055","10073","11982","12","7","5","2058","1142","916","1028","425","603","12452","5213","7239","38","19","19","4272","2187","2085","663","324","339","786","387","399","746","369","377",,,,,"-2"
"110608","California State University-Northridge","2022","Full-time students total","28897","12654","16243","21","9","12","2551","1343","1208","1397","570","827","16147","6560","9587","44","22","22","5498","2585","2913","873","382","491","981","411","570","1385","772","613",,,,,"-2"
"110608","California State University-Northridge","2022","Full-time students, Undergraduate total","26188","11714","14474","17","8","9","2343","1268","1075","1322","551","771","15092","6259","8833","43","21","22","4881","2416","2465","786","363","423","775","360","415","929","468","461",,,,,"-2"
"110608","California State University-Northridge","2022","Full-time students, Undergraduate, Degree/certificate-seeking total","26136","11699","14437","17","8","9","2343","1268","1075","1322","551","771","15091","6259","8832","43","21","22","4881","2416","2465","786","363","423","748","354","394","905","459","446",,,,,"-2"
"110608","California State University-Northridge","2022","Full-time students, Undergraduate, Degree/certificate-seeking, First-time","4899","2315","2584","5","3","2","370","207","163","325","144","181","3210","1454","1756","5","3","2","636","321","315","142","71","71","74","34","40","132","78","54",,,,,"-2"
"110608","California State University-Northridge","2022","Full-time students, Undergraduate, Degree/certificate-seeking, Other degree/certificate-seeking","21237","9384","11853","12","5","7","1973","1061","912","997","407","590","11881","4805","7076","38","18","20","4245","2095","2150","644","292","352","674","320","354","773","381","392",,,,,"-2"
"110608","California State University-Northridge","2022","Full-time students, Undergraduate, Non-degree/certificate-seeking","52","15","37","0","0","0","0","0","0","0","0","0","1","0","1","0","0","0","0","0","0","0","0","0","27","6","21","24","9","15",,,,,"-2"
"110608","California State University-Northridge","2022","Full-time students, Graduate","2709","940","1769","4","1","3","208","75","133","75","19","56","1055","301","754","1","1","0","617","169","448","87","19","68","206","51","155","456","304","152",,,,,"-2"
"110608","California State University-Northridge","2022","Full-time students, Undergraduate, Other degree/certificatee-seeking, Transfer-ins","3910","1731","2179","3","0","3","384","196","188","177","74","103","1886","782","1104","6","2","4","1045","500","545","130","50","80","133","54","79","146","73","73",,,,,"-2"
"110608","California State University-Northridge","2022","Full-time students, Undergraduate, Other degree/certificatee-seeking, Continuing","17327","7653","9674","9","5","4","1589","865","724","820","333","487","9995","4023","5972","32","16","16","3200","1595","1605","514","242","272","541","266","275","627","308","319",,,,,"-2"
"110608","California State University-Northridge","2022","Part-time students total","8682","3928","4754","7","3","4","793","433","360","353","135","218","3960","1721","2239","8","3","5","2037","1014","1023","237","127","110","1042","373","669","245","119","126",,,,,"-2"
"110608","California State University-Northridge","2022","Part-time students, Undergraduate total","5993","2996","2997","3","2","1","594","348","246","263","113","150","3037","1428","1609","7","3","4","1407","754","653","184","105","79","349","167","182","149","76","73",,,,,"-2"
"110608","California State University-Northridge","2022","Part-time students, Undergraduate, Degree/certificate-seeking total","5967","2987","2980","3","2","1","592","346","246","262","113","149","3028","1425","1603","7","3","4","1406","754","652","184","105","79","336","163","173","149","76","73",,,,,"-2"
"110608","California State University-Northridge","2022","Part-time students, Undergraduate, Degree/certificate-seeking, First-time","73","35","38","0","0","0","3","1","2","7","2","5","44","21","23","0","0","0","10","5","5","4","3","1","4","2","2","1","1","0",,,,,"-2"
"110608","California State University-Northridge","2022","Part-time students, Undergraduate, Degree/certificate-seeking, Other degree/certificate-seeking","5894","2952","2942","3","2","1","589","345","244","255","111","144","2984","1404","1580","7","3","4","1396","749","647","180","102","78","332","161","171","148","75","73",,,,,"-2"
"110608","California State University-Northridge","2022","Part-time students, Undergraduate, Non-degree/certificate-seeking","26","9","17","0","0","0","2","2","0","1","0","1","9","3","6","0","0","0","1","0","1","0","0","0","13","4","9","0","0","0",,,,,"-2"
"110608","California State University-Northridge","2022","Part-time students, Graduate","2689","932","1757","4","1","3","199","85","114","90","22","68","923","293","630","1","0","1","630","260","370","53","22","31","693","206","487","96","43","53",,,,,"-2"
"110608","California State University-Northridge","2022","Part-time students, Undergraduate, Other degree/certificatee-seeking, Transfer-ins","1166","532","634","0","0","0","120","68","52","47","19","28","527","214","313","1","0","1","324","157","167","31","20","11","87","40","47","29","14","15",,,,,"-2"
"110608","California State University-Northridge","2022","Part-time students, Undergraduate, Other degree/certificatee-seeking, Continuing","4728","2420","2308","3","2","1","469","277","192","208","92","116","2457","1190","1267","6","3","3","1072","592","480","149","82","67","245","121","124","119","61","58",,,,,"-2"
"110617","California State University-Sacramento","2022","All students total","31818","13586","18232","88","37","51","6313","3104","3209","2009","825","1184","11975","4502","7473","301","130","171","7530","3281","4249","1810","778","1032","1126","566","560","666","363","303","3103","288","3391","28427","-2"
"110617","California State University-Sacramento","2022","All students, Undergraduate total","28921","12647","16274","78","33","45","5912","2958","2954","1856","778","1078","11167","4276","6891","283","127","156","6503","2976","3527","1661","732","929","979","505","474","482","262","220","2811","252","3063","25858","-2"
"110617","California State University-Sacramento","2022","All students, Undergraduate, Degree/certificate-seeking total","28544","12473","16071","76","33","43","5820","2912","2908","1842","772","1070","11091","4243","6848","280","127","153","6409","2935","3474","1642","724","918","945","482","463","439","245","194",,,,,"-2"
"110617","California State University-Sacramento","2022","All students, Undergraduate, Degree/certificate-seeking, First-time","3915","1721","2194","8","5","3","829","430","399","281","120","161","1819","685","1134","43","25","18","583","278","305","223","107","116","87","49","38","42","22","20",,,,,"-2"
"110617","California State University-Sacramento","2022","All students, Undergraduate, Other degree/certificate-seeking","24629","10752","13877","68","28","40","4991","2482","2509","1561","652","909","9272","3558","5714","237","102","135","5826","2657","3169","1419","617","802","858","433","425","397","223","174",,,,,"-2"
"110617","California State University-Sacramento","2022","All students, Undergraduate, Non-degree/certificate-seeking","377","174","203","2","0","2","92","46","46","14","6","8","76","33","43","3","0","3","94","41","53","19","8","11","34","23","11","43","17","26",,,,,"-2"
"110617","California State University-Sacramento","2022","All students, Graduate","2897","939","1958","10","4","6","401","146","255","153","47","106","808","226","582","18","3","15","1027","305","722","149","46","103","147","61","86","184","101","83","292","36","328","2569","-2"
"110617","California State University-Sacramento","2022","All students, Undergraduate, Other degree/certificatee-seeking, Transfer-ins","3732","1532","2200","14","6","8","683","318","365","193","69","124","1320","497","823","31","16","15","1075","442","633","210","78","132","160","79","81","46","27","19",,,,,"-2"
"110617","California State University-Sacramento","2022","All students, Undergraduate, Other degree/certificatee-seeking, Continuing","20897","9220","11677","54","22","32","4308","2164","2144","1368","583","785","7952","3061","4891","206","86","120","4751","2215","2536","1209","539","670","698","354","344","351","196","155",,,,,"-2"
"110617","California State University-Sacramento","2022","Full-time students total","24253","10100","14153","55","24","31","4825","2303","2522","1537","617","920","9591","3479","6112","223","99","124","5321","2305","3016","1395","599","796","722","356","366","584","318","266",,,,,"-2"
"110617","California State University-Sacramento","2022","Full-time students, Undergraduate total","22598","9637","12961","54","23","31","4614","2250","2364","1459","600","859","9070","3350","5720","214","97","117","4793","2179","2614","1308","573","735","655","335","320","431","230","201",,,,,"-2"
"110617","California State University-Sacramento","2022","Full-time students, Undergraduate, Degree/certificate-seeking total","22557","9622","12935","54","23","31","4614","2250","2364","1459","600","859","9070","3350","5720","214","97","117","4793","2179","2614","1308","573","735","655","335","320","390","215","175",,,,,"-2"
"110617","California State University-Sacramento","2022","Full-time students, Undergraduate, Degree/certificate-seeking, First-time","3804","1658","2146","8","5","3","808","416","392","270","116","154","1772","659","1113","40","24","16","568","270","298","215","101","114","83","47","36","40","20","20",,,,,"-2"
"110617","California State University-Sacramento","2022","Full-time students, Undergraduate, Degree/certificate-seeking, Other degree/certificate-seeking","18753","7964","10789","46","18","28","3806","1834","1972","1189","484","705","7298","2691","4607","174","73","101","4225","1909","2316","1093","472","621","572","288","284","350","195","155",,,,,"-2"
"110617","California State University-Sacramento","2022","Full-time students, Undergraduate, Non-degree/certificate-seeking","41","15","26","0","0","0","0","0","0","0","0","0","0","0","0","0","0","0","0","0","0","0","0","0","0","0","0","41","15","26",,,,,"-2"
"110617","California State University-Sacramento","2022","Full-time students, Graduate","1655","463","1192","1","1","0","211","53","158","78","17","61","521","129","392","9","2","7","528","126","402","87","26","61","67","21","46","153","88","65",,,,,"-2"
"110617","California State University-Sacramento","2022","Full-time students, Undergraduate, Other degree/certificatee-seeking, Transfer-ins","2910","1215","1695","11","5","6","525","238","287","149","57","92","1057","406","651","26","14","12","817","345","472","171","69","102","113","57","56","41","24","17",,,,,"-2"
"110617","California State University-Sacramento","2022","Full-time students, Undergraduate, Other degree/certificatee-seeking, Continuing","15843","6749","9094","35","13","22","3281","1596","1685","1040","427","613","6241","2285","3956","148","59","89","3408","1564","1844","922","403","519","459","231","228","309","171","138",,,,,"-2"
"110617","California State University-Sacramento","2022","Part-time students total","7565","3486","4079","33","13","20","1488","801","687","472","208","264","2384","1023","1361","78","31","47","2209","976","1233","415","179","236","404","210","194","82","45","37",,,,,"-2"
"110617","California State University-Sacramento","2022","Part-time students, Undergraduate total","6323","3010","3313","24","10","14","1298","708","590","397","178","219","2097","926","1171","69","30","39","1710","797","913","353","159","194","324","170","154","51","32","19",,,,,"-2"
"110617","California State University-Sacramento","2022","Part-time students, Undergraduate, Degree/certificate-seeking total","5987","2851","3136","22","10","12","1206","662","544","383","172","211","2021","893","1128","66","30","36","1616","756","860","334","151","183","290","147","143","49","30","19",,,,,"-2"
"110617","California State University-Sacramento","2022","Part-time students, Undergraduate, Degree/certificate-seeking, First-time","111","63","48","0","0","0","21","14","7","11","4","7","47","26","21","3","1","2","15","8","7","8","6","2","4","2","2","2","2","0",,,,,"-2"
"110617","California State University-Sacramento","2022","Part-time students, Undergraduate, Degree/certificate-seeking, Other degree/certificate-seeking","5876","2788","3088","22","10","12","1185","648","537","372","168","204","1974","867","1107","63","29","34","1601","748","853","326","145","181","286","145","141","47","28","19",,,,,"-2"
"110617","California State University-Sacramento","2022","Part-time students, Undergraduate, Non-degree/certificate-seeking","336","159","177","2","0","2","92","46","46","14","6","8","76","33","43","3","0","3","94","41","53","19","8","11","34","23","11","2","2","0",,,,,"-2"
"110617","California State University-Sacramento","2022","Part-time students, Graduate","1242","476","766","9","3","6","190","93","97","75","30","45","287","97","190","9","1","8","499","179","320","62","20","42","80","40","40","31","13","18",,,,,"-2"
"110617","California State University-Sacramento","2022","Part-time students, Undergraduate, Other degree/certificatee-seeking, Transfer-ins","822","317","505","3","1","2","158","80","78","44","12","32","263","91","172","5","2","3","258","97","161","39","9","30","47","22","25","5","3","2",,,,,"-2"
"110617","California State University-Sacramento","2022","Part-time students, Undergraduate, Other degree/certificatee-seeking, Continuing","5054","2471","2583","19","9","10","1027","568","459","328","156","172","1711","776","935","58","27","31","1343","651","692","287","136","151","239","123","116","42","25","17",,,,,"-2"
"110635","University of California-Berkeley","2022","All students total","45307","20985","24322","63","22","41","13742","6353","7389","1140","446","694","7919","3201","4718","61","29","32","10369","4776","5593","2485","1004","1481","1368","719","649","8160","4435","3725","615","511","1126","44181","-2"
"110635","University of California-Berkeley","2022","All students, Undergraduate total","32479","14435","18044","35","11","24","11389","5226","6163","671","250","421","6608","2599","4009","45","21","24","6580","2918","3662","1946","793","1153","1042","527","515","4163","2090","2073","386","369","755","31724","-2"
"110635","University of California-Berkeley","2022","All students, Undergraduate, Degree/certificate-seeking total","32475","14434","18041","35","11","24","11387","5225","6162","671","250","421","6608","2599","4009","45","21","24","6580","2918","3662","1946","793","1153","1042","527","515","4161","2090","2071",,,,,"-2"
"110635","University of California-Berkeley","2022","All students, Undergraduate, Degree/certificate-seeking, First-time","6726","2700","4026","8","2","6","2521","1054","1467","117","46","71","1401","452","949","4","3","1","1313","506","807","448","181","267","228","118","110","686","338","348",,,,,"-2"
"110635","University of California-Berkeley","2022","All students, Undergraduate, Other degree/certificate-seeking","25749","11734","14015","27","9","18","8866","4171","4695","554","204","350","5207","2147","3060","41","18","23","5267","2412","2855","1498","612","886","814","409","405","3475","1752","1723",,,,,"-2"
"110635","University of California-Berkeley","2022","All students, Undergraduate, Non-degree/certificate-seeking","4","1","3","0","0","0","2","1","1","0","0","0","0","0","0","0","0","0","0","0","0","0","0","0","0","0","0","2","0","2",,,,,"-2"
"110635","University of California-Berkeley","2022","All students, Graduate","12828","6550","6278","28","11","17","2353","1127","1226","469","196","273","1311","602","709","16","8","8","3789","1858","1931","539","211","328","326","192","134","3997","2345","1652","229","142","371","12457","-2"
"110635","University of California-Berkeley","2022","All students, Undergraduate, Other degree/certificatee-seeking, Transfer-ins","2706","1284","1422","5","2","3","729","346","383","69","30","39","620","279","341","9","3","6","620","299","321","148","68","80","57","25","32","449","232","217",,,,,"-2"
"110635","University of California-Berkeley","2022","All students, Undergraduate, Other degree/certificatee-seeking, Continuing","23043","10450","12593","22","7","15","8137","3825","4312","485","174","311","4587","1868","2719","32","15","17","4647","2113","2534","1350","544","806","757","384","373","3026","1520","1506",,,,,"-2"
"110635","University of California-Berkeley","2022","Full-time students total","41022","18628","22394","51","15","36","12470","5657","6813","987","363","624","7215","2862","4353","56","26","30","9291","4167","5124","2315","924","1391","1217","626","591","7420","3988","3432",,,,,"-2"
"110635","University of California-Berkeley","2022","Full-time students, Undergraduate total","30824","13636","17188","28","8","20","10906","4972","5934","606","215","391","6130","2402","3728","45","21","24","6214","2725","3489","1842","747","1095","983","498","485","4070","2048","2022",,,,,"-2"
"110635","University of California-Berkeley","2022","Full-time students, Undergraduate, Degree/certificate-seeking total","30820","13635","17185","28","8","20","10904","4971","5933","606","215","391","6130","2402","3728","45","21","24","6214","2725","3489","1842","747","1095","983","498","485","4068","2048","2020",,,,,"-2"
"110635","University of California-Berkeley","2022","Full-time students, Undergraduate, Degree/certificate-seeking, First-time","6680","2681","3999","7","2","5","2504","1046","1458","115","46","69","1387","447","940","4","3","1","1307","504","803","444","177","267","227","118","109","685","338","347",,,,,"-2"
"110635","University of California-Berkeley","2022","Full-time students, Undergraduate, Degree/certificate-seeking, Other degree/certificate-seeking","24140","10954","13186","21","6","15","8400","3925","4475","491","169","322","4743","1955","2788","41","18","23","4907","2221","2686","1398","570","828","756","380","376","3383","1710","1673",,,,,"-2"
"110635","University of California-Berkeley","2022","Full-time students, Undergraduate, Non-degree/certificate-seeking","4","1","3","0","0","0","2","1","1","0","0","0","0","0","0","0","0","0","0","0","0","0","0","0","0","0","0","2","0","2",,,,,"-2"
"110635","University of California-Berkeley","2022","Full-time students, Graduate","10198","4992","5206","23","7","16","1564","685","879","381","148","233","1085","460","625","11","5","6","3077","1442","1635","473","177","296","234","128","106","3350","1940","1410",,,,,"-2"
"110635","University of California-Berkeley","2022","Full-time students, Undergraduate, Other degree/certificatee-seeking, Transfer-ins","2578","1214","1364","4","1","3","696","328","368","56","20","36","585","266","319","9","3","6","592","281","311","139","62","77","53","23","30","444","230","214",,,,,"-2"
"110635","University of California-Berkeley","2022","Full-time students, Undergraduate, Other degree/certificatee-seeking, Continuing","21562","9740","11822","17","5","12","7704","3597","4107","435","149","286","4158","1689","2469","32","15","17","4315","1940","2375","1259","508","751","703","357","346","2939","1480","1459",,,,,"-2"
"110635","University of California-Berkeley","2022","Part-time students total","4285","2357","1928","12","7","5","1272","696","576","153","83","70","704","339","365","5","3","2","1078","609","469","170","80","90","151","93","58","740","447","293",,,,,"-2"
"110635","University of California-Berkeley","2022","Part-time students, Undergraduate total","1655","799","856","7","3","4","483","254","229","65","35","30","478","197","281","0","0","0","366","193","173","104","46","58","59","29","30","93","42","51",,,,,"-2"
"110635","University of California-Berkeley","2022","Part-time students, Undergraduate, Degree/certificate-seeking total","1655","799","856","7","3","4","483","254","229","65","35","30","478","197","281","0","0","0","366","193","173","104","46","58","59","29","30","93","42","51",,,,,"-2"
"110635","University of California-Berkeley","2022","Part-time students, Undergraduate, Degree/certificate-seeking, First-time","46","19","27","1","0","1","17","8","9","2","0","2","14","5","9","0","0","0","6","2","4","4","4","0","1","0","1","1","0","1",,,,,"-2"
"110635","University of California-Berkeley","2022","Part-time students, Undergraduate, Degree/certificate-seeking, Other degree/certificate-seeking","1609","780","829","6","3","3","466","246","220","63","35","28","464","192","272","0","0","0","360","191","169","100","42","58","58","29","29","92","42","50",,,,,"-2"
"110635","University of California-Berkeley","2022","Part-time students, Graduate","2630","1558","1072","5","4","1","789","442","347","88","48","40","226","142","84","5","3","2","712","416","296","66","34","32","92","64","28","647","405","242",,,,,"-2"
"110635","University of California-Berkeley","2022","Part-time students, Undergraduate, Other degree/certificatee-seeking, Transfer-ins","128","70","58","1","1","0","33","18","15","13","10","3","35","13","22","0","0","0","28","18","10","9","6","3","4","2","2","5","2","3",,,,,"-2"
"110635","University of California-Berkeley","2022","Part-time students, Undergraduate, Other degree/certificatee-seeking, Continuing","1481","710","771","5","2","3","433","228","205","50","25","25","429","179","250","0","0","0","332","173","159","91","36","55","54","27","27","87","40","47",,,,,"-2"
"110653","University of California-Irvine","2022","All students total","35937","16257","19680","44","23","21","12232","5599","6633","801","290","511","8645","3082","5563","53","21","32","5549","2660","2889","1896","789","1107","612","268","344","6105","3525","2580","345","486","831","35106","-2"
"110653","University of California-Irvine","2022","All students, Undergraduate total","28662","12584","16078","37","20","17","10916","5006","5910","575","212","363","7596","2635","4961","41","17","24","3749","1753","1996","1609","679","930","392","160","232","3747","2102","1645","307","361","668","27994","-2"
"110653","University of California-Irvine","2022","All students, Undergraduate, Degree/certificate-seeking total","28651","12580","16071","37","20","17","10913","5005","5908","572","210","362","7592","2635","4957","41","17","24","3749","1753","1996","1608","678","930","392","160","232","3747","2102","1645",,,,,"-2"
"110653","University of California-Irvine","2022","All students, Undergraduate, Degree/certificate-seeking, First-time","5664","2176","3488","10","5","5","2137","859","1278","125","38","87","1684","503","1181","5","1","4","597","256","341","419","147","272","95","41","54","592","326","266",,,,,"-2"
"110653","University of California-Irvine","2022","All students, Undergraduate, Other degree/certificate-seeking","22987","10404","12583","27","15","12","8776","4146","4630","447","172","275","5908","2132","3776","36","16","20","3152","1497","1655","1189","531","658","297","119","178","3155","1776","1379",,,,,"-2"
"110653","University of California-Irvine","2022","All students, Undergraduate, Non-degree/certificate-seeking","11","4","7","0","0","0","3","1","2","3","2","1","4","0","4","0","0","0","0","0","0","1","1","0","0","0","0","0","0","0",,,,,"-2"
"110653","University of California-Irvine","2022","All students, Graduate","7275","3673","3602","7","3","4","1316","593","723","226","78","148","1049","447","602","12","4","8","1800","907","893","287","110","177","220","108","112","2358","1423","935","38","125","163","7112","-2"
"110653","University of California-Irvine","2022","All students, Undergraduate, Other degree/certificatee-seeking, Transfer-ins","2588","1291","1297","7","4","3","1022","548","474","32","19","13","603","247","356","4","2","2","530","250","280","140","70","70","22","7","15","228","144","84",,,,,"-2"
"110653","University of California-Irvine","2022","All students, Undergraduate, Other degree/certificatee-seeking, Continuing","20399","9113","11286","20","11","9","7754","3598","4156","415","153","262","5305","1885","3420","32","14","18","2622","1247","1375","1049","461","588","275","112","163","2927","1632","1295",,,,,"-2"
"110653","University of California-Irvine","2022","Full-time students total","34733","15653","19080","40","22","18","11806","5366","6440","772","280","492","8402","2980","5422","50","19","31","5295","2528","2767","1829","759","1070","574","252","322","5965","3447","2518",,,,,"-2"
"110653","University of California-Irvine","2022","Full-time students, Undergraduate total","27932","12213","15719","35","19","16","10627","4843","5784","562","207","355","7454","2575","4879","39","16","23","3623","1683","1940","1568","662","906","379","156","223","3645","2052","1593",,,,,"-2"
"110653","University of California-Irvine","2022","Full-time students, Undergraduate, Degree/certificate-seeking total","27921","12209","15712","35","19","16","10624","4842","5782","559","205","354","7450","2575","4875","39","16","23","3623","1683","1940","1567","661","906","379","156","223","3645","2052","1593",,,,,"-2"
"110653","University of California-Irvine","2022","Full-time students, Undergraduate, Degree/certificate-seeking, First-time","5656","2174","3482","10","5","5","2136","859","1277","124","38","86","1681","502","1179","5","1","4","597","256","341","418","147","271","95","41","54","590","325","265",,,,,"-2"
"110653","University of California-Irvine","2022","Full-time students, Undergraduate, Degree/certificate-seeking, Other degree/certificate-seeking","22265","10035","12230","25","14","11","8488","3983","4505","435","167","268","5769","2073","3696","34","15","19","3026","1427","1599","1149","514","635","284","115","169","3055","1727","1328",,,,,"-2"
"110653","University of California-Irvine","2022","Full-time students, Undergraduate, Non-degree/certificate-seeking","11","4","7","0","0","0","3","1","2","3","2","1","4","0","4","0","0","0","0","0","0","1","1","0","0","0","0","0","0","0",,,,,"-2"
"110653","University of California-Irvine","2022","Full-time students, Graduate","6801","3440","3361","5","3","2","1179","523","656","210","73","137","948","405","543","11","3","8","1672","845","827","261","97","164","195","96","99","2320","1395","925",,,,,"-2"
"110653","University of California-Irvine","2022","Full-time students, Undergraduate, Other degree/certificatee-seeking, Transfer-ins","2527","1261","1266","7","4","3","997","535","462","31","18","13","588","238","350","4","2","2","513","244","269","139","70","69","22","7","15","226","143","83",,,,,"-2"
"110653","University of California-Irvine","2022","Full-time students, Undergraduate, Other degree/certificatee-seeking, Continuing","19738","8774","10964","18","10","8","7491","3448","4043","404","149","255","5181","1835","3346","30","13","17","2513","1183","1330","1010","444","566","262","108","154","2829","1584","1245",,,,,"-2"
"110653","University of California-Irvine","2022","Part-time students total","1204","604","600","4","1","3","426","233","193","29","10","19","243","102","141","3","2","1","254","132","122","67","30","37","38","16","22","140","78","62",,,,,"-2"
"110653","University of California-Irvine","2022","Part-time students, Undergraduate total","730","371","359","2","1","1","289","163","126","13","5","8","142","60","82","2","1","1","126","70","56","41","17","24","13","4","9","102","50","52",,,,,"-2"
"110653","University of California-Irvine","2022","Part-time students, Undergraduate, Degree/certificate-seeking total","730","371","359","2","1","1","289","163","126","13","5","8","142","60","82","2","1","1","126","70","56","41","17","24","13","4","9","102","50","52",,,,,"-2"
"110653","University of California-Irvine","2022","Part-time students, Undergraduate, Degree/certificate-seeking, First-time","8","2","6","0","0","0","1","0","1","1","0","1","3","1","2","0","0","0","0","0","0","1","0","1","0","0","0","2","1","1",,,,,"-2"
"110653","University of California-Irvine","2022","Part-time students, Undergraduate, Degree/certificate-seeking, Other degree/certificate-seeking","722","369","353","2","1","1","288","163","125","12","5","7","139","59","80","2","1","1","126","70","56","40","17","23","13","4","9","100","49","51",,,,,"-2"
"110653","University of California-Irvine","2022","Part-time students, Graduate","474","233","241","2","0","2","137","70","67","16","5","11","101","42","59","1","1","0","128","62","66","26","13","13","25","12","13","38","28","10",,,,,"-2"
"110653","University of California-Irvine","2022","Part-time students, Undergraduate, Other degree/certificatee-seeking, Transfer-ins","61","30","31","0","0","0","25","13","12","1","1","0","15","9","6","0","0","0","17","6","11","1","0","1","0","0","0","2","1","1",,,,,"-2"
"110653","University of California-Irvine","2022","Part-time students, Undergraduate, Other degree/certificatee-seeking, Continuing","661","339","322","2","1","1","263","150","113","11","4","7","124","50","74","2","1","1","109","64","45","39","17","22","13","4","9","98","48","50",,,,,"-2"
"110662","University of California-Los Angeles","2022","All students total","46430","19869","26561","99","40","59","12164","5263","6901","1681","546","1135","9293","3232","6061","73","30","43","12338","5465","6873","2891","1101","1790","1321","587","734","6570","3605","2965","77","675","752","45678","-2"
"110662","University of California-Los Angeles","2022","All students, Undergraduate total","32423","12853","19570","60","26","34","9563","4029","5534","1082","302","780","7195","2388","4807","56","24","32","8341","3381","4960","2291","841","1450","982","442","540","2853","1420","1433","70","420","490","31933","-2"
"110662","University of California-Los Angeles","2022","All students, Undergraduate, Degree/certificate-seeking total","32423","12853","19570","60","26","34","9563","4029","5534","1082","302","780","7195","2388","4807","56","24","32","8341","3381","4960","2291","841","1450","982","442","540","2853","1420","1433",,,,,"-2"
"110662","University of California-Los Angeles","2022","All students, Undergraduate, Degree/certificate-seeking, First-time","6462","2410","4052","11","2","9","1965","832","1133","266","62","204","1446","407","1039","12","4","8","1614","622","992","487","175","312","213","101","112","448","205","243",,,,,"-2"
"110662","University of California-Los Angeles","2022","All students, Undergraduate, Other degree/certificate-seeking","25961","10443","15518","49","24","25","7598","3197","4401","816","240","576","5749","1981","3768","44","20","24","6727","2759","3968","1804","666","1138","769","341","428","2405","1215","1190",,,,,"-2"
"110662","University of California-Los Angeles","2022","All students, Graduate","14007","7016","6991","39","14","25","2601","1234","1367","599","244","355","2098","844","1254","17","6","11","3997","2084","1913","600","260","340","339","145","194","3717","2185","1532","7","255","262","13745","-2"
"110662","University of California-Los Angeles","2022","All students, Undergraduate, Other degree/certificatee-seeking, Transfer-ins","3687","1507","2180","10","4","6","956","386","570","98","38","60","941","363","578","3","3","0","1028","422","606","229","80","149","141","60","81","281","151","130",,,,,"-2"
"110662","University of California-Los Angeles","2022","All students, Undergraduate, Other degree/certificatee-seeking, Continuing","22274","8936","13338","39","20","19","6642","2811","3831","718","202","516","4808","1618","3190","41","17","24","5699","2337","3362","1575","586","989","628","281","347","2124","1064","1060",,,,,"-2"
"110662","University of California-Los Angeles","2022","Full-time students total","44390","18679","25711","98","40","58","11603","4929","6674","1622","516","1106","9021","3081","5940","67","27","40","11677","5039","6638","2794","1049","1745","1216","548","668","6292","3450","2842",,,,,"-2"
"110662","University of California-Los Angeles","2022","Full-time students, Undergraduate total","31763","12533","19230","60","26","34","9378","3923","5455","1062","295","767","7091","2342","4749","53","23","30","8141","3278","4863","2250","823","1427","908","422","486","2820","1401","1419",,,,,"-2"
"110662","University of California-Los Angeles","2022","Full-time students, Undergraduate, Degree/certificate-seeking total","31763","12533","19230","60","26","34","9378","3923","5455","1062","295","767","7091","2342","4749","53","23","30","8141","3278","4863","2250","823","1427","908","422","486","2820","1401","1419",,,,,"-2"
"110662","University of California-Los Angeles","2022","Full-time students, Undergraduate, Degree/certificate-seeking, First-time","6450","2408","4042","11","2","9","1964","832","1132","266","62","204","1444","407","1037","12","4","8","1609","621","988","487","175","312","210","101","109","447","204","243",,,,,"-2"
"110662","University of California-Los Angeles","2022","Full-time students, Undergraduate, Degree/certificate-seeking, Other degree/certificate-seeking","25313","10125","15188","49","24","25","7414","3091","4323","796","233","563","5647","1935","3712","41","19","22","6532","2657","3875","1763","648","1115","698","321","377","2373","1197","1176",,,,,"-2"
"110662","University of California-Los Angeles","2022","Full-time students, Graduate","12627","6146","6481","38","14","24","2225","1006","1219","560","221","339","1930","739","1191","14","4","10","3536","1761","1775","544","226","318","308","126","182","3472","2049","1423",,,,,"-2"
"110662","University of California-Los Angeles","2022","Full-time students, Undergraduate, Other degree/certificatee-seeking, Transfer-ins","3594","1482","2112","10","4","6","944","381","563","98","38","60","927","359","568","3","3","0","1013","419","594","225","78","147","94","49","45","280","151","129",,,,,"-2"
"110662","University of California-Los Angeles","2022","Full-time students, Undergraduate, Other degree/certificatee-seeking, Continuing","21719","8643","13076","39","20","19","6470","2710","3760","698","195","503","4720","1576","3144","38","16","22","5519","2238","3281","1538","570","968","604","272","332","2093","1046","1047",,,,,"-2"
"110662","University of California-Los Angeles","2022","Part-time students total","2040","1190","850","1","0","1","561","334","227","59","30","29","272","151","121","6","3","3","661","426","235","97","52","45","105","39","66","278","155","123",,,,,"-2"
"110662","University of California-Los Angeles","2022","Part-time students, Undergraduate total","660","320","340","0","0","0","185","106","79","20","7","13","104","46","58","3","1","2","200","103","97","41","18","23","74","20","54","33","19","14",,,,,"-2"
"110662","University of California-Los Angeles","2022","Part-time students, Undergraduate, Degree/certificate-seeking total","660","320","340","0","0","0","185","106","79","20","7","13","104","46","58","3","1","2","200","103","97","41","18","23","74","20","54","33","19","14",,,,,"-2"
"110662","University of California-Los Angeles","2022","Part-time students, Undergraduate, Degree/certificate-seeking, First-time","12","2","10","0","0","0","1","0","1","0","0","0","2","0","2","0","0","0","5","1","4","0","0","0","3","0","3","1","1","0",,,,,"-2"
"110662","University of California-Los Angeles","2022","Part-time students, Undergraduate, Degree/certificate-seeking, Other degree/certificate-seeking","648","318","330","0","0","0","184","106","78","20","7","13","102","46","56","3","1","2","195","102","93","41","18","23","71","20","51","32","18","14",,,,,"-2"
"110662","University of California-Los Angeles","2022","Part-time students, Graduate","1380","870","510","1","0","1","376","228","148","39","23","16","168","105","63","3","2","1","461","323","138","56","34","22","31","19","12","245","136","109",,,,,"-2"
"110662","University of California-Los Angeles","2022","Part-time students, Undergraduate, Other degree/certificatee-seeking, Transfer-ins","93","25","68","0","0","0","12","5","7","0","0","0","14","4","10","0","0","0","15","3","12","4","2","2","47","11","36","1","0","1",,,,,"-2"
"110662","University of California-Los Angeles","2022","Part-time students, Undergraduate, Other degree/certificatee-seeking, Continuing","555","293","262","0","0","0","172","101","71","20","7","13","88","42","46","3","1","2","180","99","81","37","16","21","24","9","15","31","18","13",,,,,"-2"
"110671","University of California-Riverside","2022","All students total","26809","13193","13616","36","18","18","8875","4691","4184","862","335","527","9566","3883","5683","53","24","29","3323","1824","1499","1214","638","576","388","192","196","2492","1588","904","406","596","1002","25807","-2"
"110671","University of California-Riverside","2022","All students, Undergraduate total","22911","11064","11847","17","9","8","8398","4425","3973","734","289","445","8915","3606","5309","43","19","24","2486","1372","1114","1092","574","518","302","151","151","924","619","305","381","485","866","22045","-2"
"110671","University of California-Riverside","2022","All students, Undergraduate, Degree/certificate-seeking total","22842","11037","11805","17","9","8","8391","4422","3969","732","287","445","8909","3602","5307","43","19","24","2482","1370","1112","1089","572","517","259","140","119","920","616","304",,,,,"-2"
"110671","University of California-Riverside","2022","All students, Undergraduate, Degree/certificate-seeking, First-time","5573","2640","2933","0","0","0","2247","1124","1123","156","66","90","2012","793","1219","11","5","6","493","272","221","270","145","125","79","38","41","305","197","108",,,,,"-2"
"110671","University of California-Riverside","2022","All students, Undergraduate, Other degree/certificate-seeking","17269","8397","8872","17","9","8","6144","3298","2846","576","221","355","6897","2809","4088","32","14","18","1989","1098","891","819","427","392","180","102","78","615","419","196",,,,,"-2"
"110671","University of California-Riverside","2022","All students, Undergraduate, Non-degree/certificate-seeking","69","27","42","0","0","0","7","3","4","2","2","0","6","4","2","0","0","0","4","2","2","3","2","1","43","11","32","4","3","1",,,,,"-2"
"110671","University of California-Riverside","2022","All students, Graduate","3898","2129","1769","19","9","10","477","266","211","128","46","82","651","277","374","10","5","5","837","452","385","122","64","58","86","41","45","1568","969","599","25","111","136","3762","-2"
"110671","University of California-Riverside","2022","All students, Undergraduate, Other degree/certificatee-seeking, Transfer-ins","1457","793","664","5","1","4","331","208","123","67","30","37","620","290","330","1","0","1","240","137","103","72","42","30","15","10","5","106","75","31",,,,,"-2"
"110671","University of California-Riverside","2022","All students, Undergraduate, Other degree/certificatee-seeking, Continuing","15812","7604","8208","12","8","4","5813","3090","2723","509","191","318","6277","2519","3758","31","14","17","1749","961","788","747","385","362","165","92","73","509","344","165",,,,,"-2"
"110671","University of California-Riverside","2022","Full-time students total","25556","12494","13062","33","16","17","8507","4451","4056","816","315","501","9181","3694","5487","50","22","28","3087","1682","1405","1150","604","546","322","172","150","2410","1538","872",,,,,"-2"
"110671","University of California-Riverside","2022","Full-time students, Undergraduate total","21969","10542","11427","15","8","7","8091","4228","3863","702","277","425","8586","3447","5139","40","17","23","2358","1287","1071","1039","544","495","244","135","109","894","599","295",,,,,"-2"
"110671","University of California-Riverside","2022","Full-time students, Undergraduate, Degree/certificate-seeking total","21954","10531","11423","15","8","7","8090","4227","3863","700","275","425","8581","3444","5137","40","17","23","2356","1286","1070","1037","543","494","243","134","109","892","597","295",,,,,"-2"
"110671","University of California-Riverside","2022","Full-time students, Undergraduate, Degree/certificate-seeking, First-time","5522","2615","2907","0","0","0","2233","1118","1115","154","64","90","1989","784","1205","11","5","6","490","270","220","269","145","124","79","38","41","297","191","106",,,,,"-2"
"110671","University of California-Riverside","2022","Full-time students, Undergraduate, Degree/certificate-seeking, Other degree/certificate-seeking","16432","7916","8516","15","8","7","5857","3109","2748","546","211","335","6592","2660","3932","29","12","17","1866","1016","850","768","398","370","164","96","68","595","406","189",,,,,"-2"
"110671","University of California-Riverside","2022","Full-time students, Undergraduate, Non-degree/certificate-seeking","15","11","4","0","0","0","1","1","0","2","2","0","5","3","2","0","0","0","2","1","1","2","1","1","1","1","0","2","2","0",,,,,"-2"
"110671","University of California-Riverside","2022","Full-time students, Graduate","3587","1952","1635","18","8","10","416","223","193","114","38","76","595","247","348","10","5","5","729","395","334","111","60","51","78","37","41","1516","939","577",,,,,"-2"
"110671","University of California-Riverside","2022","Full-time students, Undergraduate, Other degree/certificatee-seeking, Transfer-ins","1411","768","643","5","1","4","317","201","116","65","29","36","602","283","319","1","0","1","235","132","103","70","41","29","15","10","5","101","71","30",,,,,"-2"
"110671","University of California-Riverside","2022","Full-time students, Undergraduate, Other degree/certificatee-seeking, Continuing","15021","7148","7873","10","7","3","5540","2908","2632","481","182","299","5990","2377","3613","28","12","16","1631","884","747","698","357","341","149","86","63","494","335","159",,,,,"-2"
"110671","University of California-Riverside","2022","Part-time students total","1253","699","554","3","2","1","368","240","128","46","20","26","385","189","196","3","2","1","236","142","94","64","34","30","66","20","46","82","50","32",,,,,"-2"
"110671","University of California-Riverside","2022","Part-time students, Undergraduate total","942","522","420","2","1","1","307","197","110","32","12","20","329","159","170","3","2","1","128","85","43","53","30","23","58","16","42","30","20","10",,,,,"-2"
"110671","University of California-Riverside","2022","Part-time students, Undergraduate, Degree/certificate-seeking total","888","506","382","2","1","1","301","195","106","32","12","20","328","158","170","3","2","1","126","84","42","52","29","23","16","6","10","28","19","9",,,,,"-2"
"110671","University of California-Riverside","2022","Part-time students, Undergraduate, Degree/certificate-seeking, First-time","51","25","26","0","0","0","14","6","8","2","2","0","23","9","14","0","0","0","3","2","1","1","0","1","0","0","0","8","6","2",,,,,"-2"
"110671","University of California-Riverside","2022","Part-time students, Undergraduate, Degree/certificate-seeking, Other degree/certificate-seeking","837","481","356","2","1","1","287","189","98","30","10","20","305","149","156","3","2","1","123","82","41","51","29","22","16","6","10","20","13","7",,,,,"-2"
"110671","University of California-Riverside","2022","Part-time students, Undergraduate, Non-degree/certificate-seeking","54","16","38","0","0","0","6","2","4","0","0","0","1","1","0","0","0","0","2","1","1","1","1","0","42","10","32","2","1","1",,,,,"-2"
"110671","University of California-Riverside","2022","Part-time students, Graduate","311","177","134","1","1","0","61","43","18","14","8","6","56","30","26","0","0","0","108","57","51","11","4","7","8","4","4","52","30","22",,,,,"-2"
"110671","University of California-Riverside","2022","Part-time students, Undergraduate, Other degree/certificatee-seeking, Transfer-ins","46","25","21","0","0","0","14","7","7","2","1","1","18","7","11","0","0","0","5","5","0","2","1","1","0","0","0","5","4","1",,,,,"-2"
"110671","University of California-Riverside","2022","Part-time students, Undergraduate, Other degree/certificatee-seeking, Continuing","791","456","335","2","1","1","273","182","91","28","9","19","287","142","145","3","2","1","118","77","41","49","28","21","16","6","10","15","9","6",,,,,"-2"
"110705","University of California-Santa Barbara","2022","All students total","26420","11905","14515","40","16","24","4715","2374","2341","543","190","353","6231","2308","3923","27","14","13","8418","3660","4758","2055","844","1211","633","311","322","3758","2188","1570","484","220","704","25716","-2"
"110705","University of California-Santa Barbara","2022","All students, Undergraduate total","23459","10360","13099","26","11","15","4368","2201","2167","437","150","287","5885","2152","3733","23","11","12","7311","3117","4194","2030","834","1196","598","288","310","2781","1596","1185","404","206","610","22849","-2"
"110705","University of California-Santa Barbara","2022","All students, Undergraduate, Degree/certificate-seeking total","23419","10348","13071","26","11","15","4368","2201","2167","437","150","287","5885","2152","3733","23","11","12","7311","3117","4194","2030","834","1196","598","288","310","2741","1584","1157",,,,,"-2"
"110705","University of California-Santa Barbara","2022","All students, Undergraduate, Degree/certificate-seeking, First-time","4966","2089","2877","8","4","4","1094","559","535","107","29","78","1284","394","890","3","3","0","1300","537","763","427","157","270","127","50","77","616","356","260",,,,,"-2"
"110705","University of California-Santa Barbara","2022","All students, Undergraduate, Other degree/certificate-seeking","18453","8259","10194","18","7","11","3274","1642","1632","330","121","209","4601","1758","2843","20","8","12","6011","2580","3431","1603","677","926","471","238","233","2125","1228","897",,,,,"-2"
"110705","University of California-Santa Barbara","2022","All students, Undergraduate, Non-degree/certificate-seeking","40","12","28","0","0","0","0","0","0","0","0","0","0","0","0","0","0","0","0","0","0","0","0","0","0","0","0","40","12","28",,,,,"-2"
"110705","University of California-Santa Barbara","2022","All students, Graduate","2961","1545","1416","14","5","9","347","173","174","106","40","66","346","156","190","4","3","1","1107","543","564","25","10","15","35","23","12","977","592","385","80","14","94","2867","-2"
"110705","University of California-Santa Barbara","2022","All students, Undergraduate, Other degree/certificatee-seeking, Transfer-ins","2097","1078","1019","2","1","1","247","130","117","45","17","28","560","266","294","2","0","2","803","421","382","198","96","102","38","20","18","202","127","75",,,,,"-2"
"110705","University of California-Santa Barbara","2022","All students, Undergraduate, Other degree/certificatee-seeking, Continuing","16356","7181","9175","16","6","10","3027","1512","1515","285","104","181","4041","1492","2549","18","8","10","5208","2159","3049","1405","581","824","433","218","215","1923","1101","822",,,,,"-2"
"110705","University of California-Santa Barbara","2022","Full-time students total","25514","11434","14080","36","13","23","4563","2286","2277","518","181","337","6095","2239","3856","25","12","13","8107","3491","4616","1999","818","1181","614","300","314","3557","2094","1463",,,,,"-2"
"110705","University of California-Santa Barbara","2022","Full-time students, Undergraduate total","22793","10006","12787","24","9","15","4245","2128","2117","424","145","279","5780","2094","3686","22","10","12","7071","2984","4087","1976","808","1168","581","279","302","2670","1549","1121",,,,,"-2"
"110705","University of California-Santa Barbara","2022","Full-time students, Undergraduate, Degree/certificate-seeking total","22793","10006","12787","24","9","15","4245","2128","2117","424","145","279","5780","2094","3686","22","10","12","7071","2984","4087","1976","808","1168","581","279","302","2670","1549","1121",,,,,"-2"
"110705","University of California-Santa Barbara","2022","Full-time students, Undergraduate, Degree/certificate-seeking, First-time","4944","2079","2865","8","4","4","1090","556","534","107","29","78","1274","390","884","3","3","0","1294","534","760","425","157","268","127","50","77","616","356","260",,,,,"-2"
"110705","University of California-Santa Barbara","2022","Full-time students, Undergraduate, Degree/certificate-seeking, Other degree/certificate-seeking","17849","7927","9922","16","5","11","3155","1572","1583","317","116","201","4506","1704","2802","19","7","12","5777","2450","3327","1551","651","900","454","229","225","2054","1193","861",,,,,"-2"
"110705","University of California-Santa Barbara","2022","Full-time students, Graduate","2721","1428","1293","12","4","8","318","158","160","94","36","58","315","145","170","3","2","1","1036","507","529","23","10","13","33","21","12","887","545","342",,,,,"-2"
"110705","University of California-Santa Barbara","2022","Full-time students, Undergraduate, Other degree/certificatee-seeking, Transfer-ins","2021","1031","990","1","0","1","235","121","114","44","17","27","545","255","290","2","0","2","763","400","363","192","91","101","37","20","17","202","127","75",,,,,"-2"
"110705","University of California-Santa Barbara","2022","Full-time students, Undergraduate, Other degree/certificatee-seeking, Continuing","15828","6896","8932","15","5","10","2920","1451","1469","273","99","174","3961","1449","2512","17","7","10","5014","2050","2964","1359","560","799","417","209","208","1852","1066","786",,,,,"-2"
"110705","University of California-Santa Barbara","2022","Part-time students total","906","471","435","4","3","1","152","88","64","25","9","16","136","69","67","2","2","0","311","169","142","56","26","30","19","11","8","201","94","107",,,,,"-2"
"110705","University of California-Santa Barbara","2022","Part-time students, Undergraduate total","666","354","312","2","2","0","123","73","50","13","5","8","105","58","47","1","1","0","240","133","107","54","26","28","17","9","8","111","47","64",,,,,"-2"
"110705","University of California-Santa Barbara","2022","Part-time students, Undergraduate, Degree/certificate-seeking total","626","342","284","2","2","0","123","73","50","13","5","8","105","58","47","1","1","0","240","133","107","54","26","28","17","9","8","71","35","36",,,,,"-2"
"110705","University of California-Santa Barbara","2022","Part-time students, Undergraduate, Degree/certificate-seeking, First-time","22","10","12","0","0","0","4","3","1","0","0","0","10","4","6","0","0","0","6","3","3","2","0","2","0","0","0","0","0","0",,,,,"-2"
"110705","University of California-Santa Barbara","2022","Part-time students, Undergraduate, Degree/certificate-seeking, Other degree/certificate-seeking","604","332","272","2","2","0","119","70","49","13","5","8","95","54","41","1","1","0","234","130","104","52","26","26","17","9","8","71","35","36",,,,,"-2"
"110705","University of California-Santa Barbara","2022","Part-time students, Undergraduate, Non-degree/certificate-seeking","40","12","28","0","0","0","0","0","0","0","0","0","0","0","0","0","0","0","0","0","0","0","0","0","0","0","0","40","12","28",,,,,"-2"
"110705","University of California-Santa Barbara","2022","Part-time students, Graduate","240","117","123","2","1","1","29","15","14","12","4","8","31","11","20","1","1","0","71","36","35","2","0","2","2","2","0","90","47","43",,,,,"-2"
"110705","University of California-Santa Barbara","2022","Part-time students, Undergraduate, Other degree/certificatee-seeking, Transfer-ins","76","47","29","1","1","0","12","9","3","1","0","1","15","11","4","0","0","0","40","21","19","6","5","1","1","0","1","0","0","0",,,,,"-2"
"110705","University of California-Santa Barbara","2022","Part-time students, Undergraduate, Other degree/certificatee-seeking, Continuing","528","285","243","1","1","0","107","61","46","12","5","7","80","43","37","1","1","0","194","109","85","46","21","25","16","9","7","71","35","36",,,,,"-2"
"110714","University of California-Santa Cruz","2022","All students total","19478","9821","9657","20","10","10","4246","2437","1809","358","158","200","5172","2137","3035","27","12","15","6288","3188","3100","1546","737","809","398","227","171","1423","915","508","466","1346","1812","17666","-2"
"110714","University of California-Santa Cruz","2022","All students, Undergraduate total","17502","8778","8724","18","9","9","4063","2341","1722","326","140","186","4911","2013","2898","26","12","14","5566","2819","2747","1449","693","756","349","198","151","794","553","241","292","1188","1480","16022","-2"
"110714","University of California-Santa Cruz","2022","All students, Undergraduate, Degree/certificate-seeking total","17502","8778","8724","18","9","9","4063","2341","1722","326","140","186","4911","2013","2898","26","12","14","5566","2819","2747","1449","693","756","349","198","151","794","553","241",,,,,"-2"
"110714","University of California-Santa Cruz","2022","All students, Undergraduate, Degree/certificate-seeking, First-time","3859","1705","2154","2","2","0","1012","559","453","68","23","45","1138","390","748","7","3","4","1079","463","616","325","131","194","96","54","42","132","80","52",,,,,"-2"
"110714","University of California-Santa Cruz","2022","All students, Undergraduate, Other degree/certificate-seeking","13643","7073","6570","16","7","9","3051","1782","1269","258","117","141","3773","1623","2150","19","9","10","4487","2356","2131","1124","562","562","253","144","109","662","473","189",,,,,"-2"
"110714","University of California-Santa Cruz","2022","All students, Graduate","1976","1043","933","2","1","1","183","96","87","32","18","14","261","124","137","1","0","1","722","369","353","97","44","53","49","29","20","629","362","267","174","158","332","1644","-2"
"110714","University of California-Santa Cruz","2022","All students, Undergraduate, Other degree/certificatee-seeking, Transfer-ins","1227","648","579","0","0","0","175","102","73","17","7","10","371","172","199","2","1","1","489","263","226","99","52","47","22","12","10","52","39","13",,,,,"-2"
"110714","University of California-Santa Cruz","2022","All students, Undergraduate, Other degree/certificatee-seeking, Continuing","12416","6425","5991","16","7","9","2876","1680","1196","241","110","131","3402","1451","1951","17","8","9","3998","2093","1905","1025","510","515","231","132","99","610","434","176",,,,,"-2"
"110714","University of California-Santa Cruz","2022","Full-time students total","18646","9335","9311","20","10","10","4056","2303","1753","341","150","191","4999","2047","2952","25","12","13","5989","3013","2976","1467","702","765","365","209","156","1384","889","495",,,,,"-2"
"110714","University of California-Santa Cruz","2022","Full-time students, Undergraduate total","16728","8327","8401","18","9","9","3881","2211","1670","315","135","180","4745","1927","2818","24","12","12","5289","2658","2631","1372","660","712","320","182","138","764","533","231",,,,,"-2"
"110714","University of California-Santa Cruz","2022","Full-time students, Undergraduate, Degree/certificate-seeking total","16728","8327","8401","18","9","9","3881","2211","1670","315","135","180","4745","1927","2818","24","12","12","5289","2658","2631","1372","660","712","320","182","138","764","533","231",,,,,"-2"
"110714","University of California-Santa Cruz","2022","Full-time students, Undergraduate, Degree/certificate-seeking, First-time","3834","1697","2137","2","2","0","1007","557","450","67","22","45","1130","388","742","7","3","4","1073","461","612","321","130","191","95","54","41","132","80","52",,,,,"-2"
"110714","University of California-Santa Cruz","2022","Full-time students, Undergraduate, Degree/certificate-seeking, Other degree/certificate-seeking","12894","6630","6264","16","7","9","2874","1654","1220","248","113","135","3615","1539","2076","17","9","8","4216","2197","2019","1051","530","521","225","128","97","632","453","179",,,,,"-2"
"110714","University of California-Santa Cruz","2022","Full-time students, Graduate","1918","1008","910","2","1","1","175","92","83","26","15","11","254","120","134","1","0","1","700","355","345","95","42","53","45","27","18","620","356","264",,,,,"-2"
"110714","University of California-Santa Cruz","2022","Full-time students, Undergraduate, Other degree/certificatee-seeking, Transfer-ins","1178","623","555","0","0","0","172","102","70","17","7","10","355","163","192","1","1","0","468","251","217","95","50","45","20","12","8","50","37","13",,,,,"-2"
"110714","University of California-Santa Cruz","2022","Full-time students, Undergraduate, Other degree/certificatee-seeking, Continuing","11716","6007","5709","16","7","9","2702","1552","1150","231","106","125","3260","1376","1884","16","8","8","3748","1946","1802","956","480","476","205","116","89","582","416","166",,,,,"-2"
"110714","University of California-Santa Cruz","2022","Part-time students total","832","486","346","0","0","0","190","134","56","17","8","9","173","90","83","2","0","2","299","175","124","79","35","44","33","18","15","39","26","13",,,,,"-2"
"110714","University of California-Santa Cruz","2022","Part-time students, Undergraduate total","774","451","323","0","0","0","182","130","52","11","5","6","166","86","80","2","0","2","277","161","116","77","33","44","29","16","13","30","20","10",,,,,"-2"
"110714","University of California-Santa Cruz","2022","Part-time students, Undergraduate, Degree/certificate-seeking total","774","451","323","0","0","0","182","130","52","11","5","6","166","86","80","2","0","2","277","161","116","77","33","44","29","16","13","30","20","10",,,,,"-2"
"110714","University of California-Santa Cruz","2022","Part-time students, Undergraduate, Degree/certificate-seeking, First-time","25","8","17","0","0","0","5","2","3","1","1","0","8","2","6","0","0","0","6","2","4","4","1","3","1","0","1","0","0","0",,,,,"-2"
"110714","University of California-Santa Cruz","2022","Part-time students, Undergraduate, Degree/certificate-seeking, Other degree/certificate-seeking","749","443","306","0","0","0","177","128","49","10","4","6","158","84","74","2","0","2","271","159","112","73","32","41","28","16","12","30","20","10",,,,,"-2"
"110714","University of California-Santa Cruz","2022","Part-time students, Graduate","58","35","23","0","0","0","8","4","4","6","3","3","7","4","3","0","0","0","22","14","8","2","2","0","4","2","2","9","6","3",,,,,"-2"
"110714","University of California-Santa Cruz","2022","Part-time students, Undergraduate, Other degree/certificatee-seeking, Transfer-ins","49","25","24","0","0","0","3","0","3","0","0","0","16","9","7","1","0","1","21","12","9","4","2","2","2","0","2","2","2","0",,,,,"-2"
"110714","University of California-Santa Cruz","2022","Part-time students, Undergraduate, Other degree/certificatee-seeking, Continuing","700","418","282","0","0","0","174","128","46","10","4","6","142","75","67","1","0","1","250","147","103","69","30","39","26","16","10","28","18","10",,,,,"-2"
"111081","California Institute of the Arts","2022","All students total","1440","545","895","5","3","2","114","36","78","66","31","35","177","86","91","2","2","0","485","226","259","78","26","52","47","14","33","466","121","345","0","175","175","1265","-2"
"111081","California Institute of the Arts","2022","All students, Undergraduate total","940","365","575","2","0","2","85","29","56","40","20","20","132","62","70","1","1","0","327","150","177","60","19","41","30","12","18","263","72","191","0","116","116","824","-2"
"111081","California Institute of the Arts","2022","All students, Undergraduate, Degree/certificate-seeking total","931","363","568","2","0","2","85","29","56","40","20","20","132","62","70","1","1","0","327","150","177","60","19","41","30","12","18","254","70","184",,,,,"-2"
"111081","California Institute of the Arts","2022","All students, Undergraduate, Degree/certificate-seeking, First-time","189","60","129","0","0","0","16","5","11","12","5","7","28","7","21","0","0","0","61","25","36","13","5","8","6","0","6","53","13","40",,,,,"-2"
"111081","California Institute of the Arts","2022","All students, Undergraduate, Other degree/certificate-seeking","742","303","439","2","0","2","69","24","45","28","15","13","104","55","49","1","1","0","266","125","141","47","14","33","24","12","12","201","57","144",,,,,"-2"
"111081","California Institute of the Arts","2022","All students, Undergraduate, Non-degree/certificate-seeking","9","2","7","0","0","0","0","0","0","0","0","0","0","0","0","0","0","0","0","0","0","0","0","0","0","0","0","9","2","7",,,,,"-2"
"111081","California Institute of the Arts","2022","All students, Graduate","500","180","320","3","3","0","29","7","22","26","11","15","45","24","21","1","1","0","158","76","82","18","7","11","17","2","15","203","49","154","0","59","59","441","-2"
"111081","California Institute of the Arts","2022","All students, Undergraduate, Other degree/certificatee-seeking, Transfer-ins","57","29","28","0","0","0","8","5","3","3","2","1","6","4","2","0","0","0","28","17","11","3","0","3","1","0","1","8","1","7",,,,,"-2"
"111081","California Institute of the Arts","2022","All students, Undergraduate, Other degree/certificatee-seeking, Continuing","685","274","411","2","0","2","61","19","42","25","13","12","98","51","47","1","1","0","238","108","130","44","14","30","23","12","11","193","56","137",,,,,"-2"
"111081","California Institute of the Arts","2022","Full-time students total","1402","525","877","5","3","2","111","34","77","66","31","35","174","84","90","2","2","0","469","214","255","75","25","50","42","13","29","458","119","339",,,,,"-2"
"111081","California Institute of the Arts","2022","Full-time students, Undergraduate total","923","353","570","2","0","2","84","28","56","40","20","20","129","60","69","1","1","0","317","142","175","58","18","40","30","12","18","262","72","190",,,,,"-2"
"111081","California Institute of the Arts","2022","Full-time students, Undergraduate, Degree/certificate-seeking total","914","351","563","2","0","2","84","28","56","40","20","20","129","60","69","1","1","0","317","142","175","58","18","40","30","12","18","253","70","183",,,,,"-2"
"111081","California Institute of the Arts","2022","Full-time students, Undergraduate, Degree/certificate-seeking, First-time","189","60","129","0","0","0","16","5","11","12","5","7","28","7","21","0","0","0","61","25","36","13","5","8","6","0","6","53","13","40",,,,,"-2"
"111081","California Institute of the Arts","2022","Full-time students, Undergraduate, Degree/certificate-seeking, Other degree/certificate-seeking","725","291","434","2","0","2","68","23","45","28","15","13","101","53","48","1","1","0","256","117","139","45","13","32","24","12","12","200","57","143",,,,,"-2"
"111081","California Institute of the Arts","2022","Full-time students, Undergraduate, Non-degree/certificate-seeking","9","2","7","0","0","0","0","0","0","0","0","0","0","0","0","0","0","0","0","0","0","0","0","0","0","0","0","9","2","7",,,,,"-2"
"111081","California Institute of the Arts","2022","Full-time students, Graduate","479","172","307","3","3","0","27","6","21","26","11","15","45","24","21","1","1","0","152","72","80","17","7","10","12","1","11","196","47","149",,,,,"-2"
"111081","California Institute of the Arts","2022","Full-time students, Undergraduate, Other degree/certificatee-seeking, Transfer-ins","55","27","28","0","0","0","7","4","3","3","2","1","6","4","2","0","0","0","27","16","11","3","0","3","1","0","1","8","1","7",,,,,"-2"
"111081","California Institute of the Arts","2022","Full-time students, Undergraduate, Other degree/certificatee-seeking, Continuing","670","264","406","2","0","2","61","19","42","25","13","12","95","49","46","1","1","0","229","101","128","42","13","29","23","12","11","192","56","136",,,,,"-2"
"111081","California Institute of the Arts","2022","Part-time students total","38","20","18","0","0","0","3","2","1","0","0","0","3","2","1","0","0","0","16","12","4","3","1","2","5","1","4","8","2","6",,,,,"-2"
"111081","California Institute of the Arts","2022","Part-time students, Undergraduate total","17","12","5","0","0","0","1","1","0","0","0","0","3","2","1","0","0","0","10","8","2","2","1","1","0","0","0","1","0","1",,,,,"-2"
"111081","California Institute of the Arts","2022","Part-time students, Undergraduate, Degree/certificate-seeking total","17","12","5","0","0","0","1","1","0","0","0","0","3","2","1","0","0","0","10","8","2","2","1","1","0","0","0","1","0","1",,,,,"-2"
"111081","California Institute of the Arts","2022","Part-time students, Undergraduate, Degree/certificate-seeking, Other degree/certificate-seeking","17","12","5","0","0","0","1","1","0","0","0","0","3","2","1","0","0","0","10","8","2","2","1","1","0","0","0","1","0","1",,,,,"-2"
"111081","California Institute of the Arts","2022","Part-time students, Graduate","21","8","13","0","0","0","2","1","1","0","0","0","0","0","0","0","0","0","6","4","2","1","0","1","5","1","4","7","2","5",,,,,"-2"
"111081","California Institute of the Arts","2022","Part-time students, Undergraduate, Other degree/certificatee-seeking, Transfer-ins","2","2","0","0","0","0","1","1","0","0","0","0","0","0","0","0","0","0","1","1","0","0","0","0","0","0","0","0","0","0",,,,,"-2"
"111081","California Institute of the Arts","2022","Part-time students, Undergraduate, Other degree/certificatee-seeking, Continuing","15","10","5","0","0","0","0","0","0","0","0","0","3","2","1","0","0","0","9","7","2","2","1","1","0","0","0","1","0","1",,,,,"-2"
"111188","California State University Maritime Academy","2022","All students total","849","673","176","6","5","1","91","72","19","22","17","5","190","145","45","7","4","3","399","331","68","83","61","22","47","35","12","4","3","1","93","3","96","753","-2"
"111188","California State University Maritime Academy","2022","All students, Undergraduate total","808","645","163","6","5","1","88","71","17","22","17","5","181","139","42","7","4","3","391","324","67","82","61","21","28","22","6","3","2","1","60","3","63","745","-2"
"111188","California State University Maritime Academy","2022","All students, Undergraduate, Degree/certificate-seeking total","808","645","163","6","5","1","88","71","17","22","17","5","181","139","42","7","4","3","391","324","67","82","61","21","28","22","6","3","2","1",,,,,"-2"
"111188","California State University Maritime Academy","2022","All students, Undergraduate, Degree/certificate-seeking, First-time","145","123","22","0","0","0","14","13","1","7","5","2","37","29","8","1","1","0","67","58","9","14","12","2","5","5","0","0","0","0",,,,,"-2"
"111188","California State University Maritime Academy","2022","All students, Undergraduate, Other degree/certificate-seeking","663","522","141","6","5","1","74","58","16","15","12","3","144","110","34","6","3","3","324","266","58","68","49","19","23","17","6","3","2","1",,,,,"-2"
"111188","California State University Maritime Academy","2022","All students, Graduate","41","28","13","0","0","0","3","1","2","0","0","0","9","6","3","0","0","0","8","7","1","1","0","1","19","13","6","1","1","0","33","0","33","8","-2"
"111188","California State University Maritime Academy","2022","All students, Undergraduate, Other degree/certificatee-seeking, Transfer-ins","70","58","12","1","1","0","6","5","1","4","4","0","17","14","3","1","0","1","32","27","5","5","4","1","4","3","1","0","0","0",,,,,"-2"
"111188","California State University Maritime Academy","2022","All students, Undergraduate, Other degree/certificatee-seeking, Continuing","593","464","129","5","4","1","68","53","15","11","8","3","127","96","31","5","3","2","292","239","53","63","45","18","19","14","5","3","2","1",,,,,"-2"
"111188","California State University Maritime Academy","2022","Full-time students total","779","623","156","6","5","1","83","67","16","22","17","5","178","137","41","7","4","3","374","311","63","81","60","21","26","21","5","2","1","1",,,,,"-2"
"111188","California State University Maritime Academy","2022","Full-time students, Undergraduate total","779","623","156","6","5","1","83","67","16","22","17","5","178","137","41","7","4","3","374","311","63","81","60","21","26","21","5","2","1","1",,,,,"-2"
"111188","California State University Maritime Academy","2022","Full-time students, Undergraduate, Degree/certificate-seeking total","779","623","156","6","5","1","83","67","16","22","17","5","178","137","41","7","4","3","374","311","63","81","60","21","26","21","5","2","1","1",,,,,"-2"
"111188","California State University Maritime Academy","2022","Full-time students, Undergraduate, Degree/certificate-seeking, First-time","145","123","22","0","0","0","14","13","1","7","5","2","37","29","8","1","1","0","67","58","9","14","12","2","5","5","0","0","0","0",,,,,"-2"
"111188","California State University Maritime Academy","2022","Full-time students, Undergraduate, Degree/certificate-seeking, Other degree/certificate-seeking","634","500","134","6","5","1","69","54","15","15","12","3","141","108","33","6","3","3","307","253","54","67","48","19","21","16","5","2","1","1",,,,,"-2"
"111188","California State University Maritime Academy","2022","Full-time students, Undergraduate, Other degree/certificatee-seeking, Transfer-ins","70","58","12","1","1","0","6","5","1","4","4","0","17","14","3","1","0","1","32","27","5","5","4","1","4","3","1","0","0","0",,,,,"-2"
"111188","California State University Maritime Academy","2022","Full-time students, Undergraduate, Other degree/certificatee-seeking, Continuing","564","442","122","5","4","1","63","49","14","11","8","3","124","94","30","5","3","2","275","226","49","62","44","18","17","13","4","2","1","1",,,,,"-2"
"111188","California State University Maritime Academy","2022","Part-time students total","70","50","20","0","0","0","8","5","3","0","0","0","12","8","4","0","0","0","25","20","5","2","1","1","21","14","7","2","2","0",,,,,"-2"
"111188","California State University Maritime Academy","2022","Part-time students, Undergraduate total","29","22","7","0","0","0","5","4","1","0","0","0","3","2","1","0","0","0","17","13","4","1","1","0","2","1","1","1","1","0",,,,,"-2"
"111188","California State University Maritime Academy","2022","Part-time students, Undergraduate, Degree/certificate-seeking total","29","22","7","0","0","0","5","4","1","0","0","0","3","2","1","0","0","0","17","13","4","1","1","0","2","1","1","1","1","0",,,,,"-2"
"111188","California State University Maritime Academy","2022","Part-time students, Undergraduate, Degree/certificate-seeking, Other degree/certificate-seeking","29","22","7","0","0","0","5","4","1","0","0","0","3","2","1","0","0","0","17","13","4","1","1","0","2","1","1","1","1","0",,,,,"-2"
"111188","California State University Maritime Academy","2022","Part-time students, Graduate","41","28","13","0","0","0","3","1","2","0","0","0","9","6","3","0","0","0","8","7","1","1","0","1","19","13","6","1","1","0",,,,,"-2"
"111188","California State University Maritime Academy","2022","Part-time students, Undergraduate, Other degree/certificatee-seeking, Continuing","29","22","7","0","0","0","5","4","1","0","0","0","3","2","1","0","0","0","17","13","4","1","1","0","2","1","1","1","1","0",,,,,"-2"
"120883","University of the Pacific","2022","All students total","6277","2703","3574","9","3","6","2174","887","1287","219","90","129","1326","502","824","30","12","18","1389","612","777","330","138","192","132","48","84","668","411","257","16",,"16","6261","-2"
"120883","University of the Pacific","2022","All students, Undergraduate total","3294","1521","1773","6","0","6","1168","511","657","129","60","69","837","345","492","17","4","13","604","310","294","158","74","84","84","31","53","291","186","105","6",,"6","3288","-2"
"120883","University of the Pacific","2022","All students, Undergraduate, Degree/certificate-seeking total","3266","1502","1764","6","0","6","1167","510","657","129","60","69","837","345","492","17","4","13","604","310","294","158","74","84","84","31","53","264","168","96",,,,,"-2"
"120883","University of the Pacific","2022","All students, Undergraduate, Degree/certificate-seeking, First-time","847","385","462","0","0","0","358","166","192","30","12","18","215","79","136","4","2","2","126","70","56","46","26","20","27","9","18","41","21","20",,,,,"-2"
"120883","University of the Pacific","2022","All students, Undergraduate, Other degree/certificate-seeking","2419","1117","1302","6","0","6","809","344","465","99","48","51","622","266","356","13","2","11","478","240","238","112","48","64","57","22","35","223","147","76",,,,,"-2"
"120883","University of the Pacific","2022","All students, Undergraduate, Non-degree/certificate-seeking","28","19","9","0","0","0","1","1","0","0","0","0","0","0","0","0","0","0","0","0","0","0","0","0","0","0","0","27","18","9",,,,,"-2"
"120883","University of the Pacific","2022","All students, Graduate","2983","1182","1801","3","3","0","1006","376","630","90","30","60","489","157","332","13","8","5","785","302","483","172","64","108","48","17","31","377","225","152","10",,"10","2973","-2"
"120883","University of the Pacific","2022","All students, Undergraduate, Other degree/certificatee-seeking, Transfer-ins","197","89","108","2","0","2","45","22","23","12","8","4","74","35","39","1","0","1","31","9","22","10","3","7","13","6","7","9","6","3",,,,,"-2"
"120883","University of the Pacific","2022","All students, Undergraduate, Other degree/certificatee-seeking, Continuing","2222","1028","1194","4","0","4","764","322","442","87","40","47","548","231","317","12","2","10","447","231","216","102","45","57","44","16","28","214","141","73",,,,,"-2"
"120883","University of the Pacific","2022","Full-time students total","5530","2410","3120","9","3","6","2014","821","1193","174","74","100","1161","452","709","27","10","17","1161","522","639","284","127","157","123","43","80","577","358","219",,,,,"-2"
"120883","University of the Pacific","2022","Full-time students, Undergraduate total","3202","1482","1720","6","0","6","1136","496","640","127","60","67","814","338","476","17","4","13","576","298","278","155","73","82","84","31","53","287","182","105",,,,,"-2"
"120883","University of the Pacific","2022","Full-time students, Undergraduate, Degree/certificate-seeking total","3174","1463","1711","6","0","6","1135","495","640","127","60","67","814","338","476","17","4","13","576","298","278","155","73","82","84","31","53","260","164","96",,,,,"-2"
"120883","University of the Pacific","2022","Full-time students, Undergraduate, Degree/certificate-seeking, First-time","839","382","457","0","0","0","357","166","191","29","12","17","212","77","135","4","2","2","125","70","55","45","26","19","27","9","18","40","20","20",,,,,"-2"
"120883","University of the Pacific","2022","Full-time students, Undergraduate, Degree/certificate-seeking, Other degree/certificate-seeking","2335","1081","1254","6","0","6","778","329","449","98","48","50","602","261","341","13","2","11","451","228","223","110","47","63","57","22","35","220","144","76",,,,,"-2"
"120883","University of the Pacific","2022","Full-time students, Undergraduate, Non-degree/certificate-seeking","28","19","9","0","0","0","1","1","0","0","0","0","0","0","0","0","0","0","0","0","0","0","0","0","0","0","0","27","18","9",,,,,"-2"
"120883","University of the Pacific","2022","Full-time students, Graduate","2328","928","1400","3","3","0","878","325","553","47","14","33","347","114","233","10","6","4","585","224","361","129","54","75","39","12","27","290","176","114",,,,,"-2"
"120883","University of the Pacific","2022","Full-time students, Undergraduate, Other degree/certificatee-seeking, Transfer-ins","192","88","104","2","0","2","43","21","22","12","8","4","72","35","37","1","0","1","30","9","21","10","3","7","13","6","7","9","6","3",,,,,"-2"
"120883","University of the Pacific","2022","Full-time students, Undergraduate, Other degree/certificatee-seeking, Continuing","2143","993","1150","4","0","4","735","308","427","86","40","46","530","226","304","12","2","10","421","219","202","100","44","56","44","16","28","211","138","73",,,,,"-2"
"120883","University of the Pacific","2022","Part-time students total","747","293","454","0","0","0","160","66","94","45","16","29","165","50","115","3","2","1","228","90","138","46","11","35","9","5","4","91","53","38",,,,,"-2"
"120883","University of the Pacific","2022","Part-time students, Undergraduate total","92","39","53","0","0","0","32","15","17","2","0","2","23","7","16","0","0","0","28","12","16","3","1","2","0","0","0","4","4","0",,,,,"-2"
"120883","University of the Pacific","2022","Part-time students, Undergraduate, Degree/certificate-seeking total","92","39","53","0","0","0","32","15","17","2","0","2","23","7","16","0","0","0","28","12","16","3","1","2","0","0","0","4","4","0",,,,,"-2"
"120883","University of the Pacific","2022","Part-time students, Undergraduate, Degree/certificate-seeking, First-time","8","3","5","0","0","0","1","0","1","1","0","1","3","2","1","0","0","0","1","0","1","1","0","1","0","0","0","1","1","0",,,,,"-2"
"120883","University of the Pacific","2022","Part-time students, Undergraduate, Degree/certificate-seeking, Other degree/certificate-seeking","84","36","48","0","0","0","31","15","16","1","0","1","20","5","15","0","0","0","27","12","15","2","1","1","0","0","0","3","3","0",,,,,"-2"
"120883","University of the Pacific","2022","Part-time students, Graduate","655","254","401","0","0","0","128","51","77","43","16","27","142","43","99","3","2","1","200","78","122","43","10","33","9","5","4","87","49","38",,,,,"-2"
"120883","University of the Pacific","2022","Part-time students, Undergraduate, Other degree/certificatee-seeking, Transfer-ins","5","1","4","0","0","0","2","1","1","0","0","0","2","0","2","0","0","0","1","0","1","0","0","0","0","0","0","0","0","0",,,,,"-2"
"120883","University of the Pacific","2022","Part-time students, Undergraduate, Other degree/certificatee-seeking, Continuing","79","35","44","0","0","0","29","14","15","1","0","1","18","5","13","0","0","0","26","12","14","2","1","1","0","0","0","3","3","0",,,,,"-2"
"122409","San Diego State University","2022","All students total","37402","15692","21710","84","30","54","4757","2136","2621","1468","605","863","12976","4991","7985","111","48","63","12762","5388","7374","2476","1073","1403","1158","561","597","1610","860","750","3015","297","3312","34090","-2"
"122409","San Diego State University","2022","All students, Undergraduate total","32194","13815","18379","68","24","44","4272","1990","2282","1264","535","729","11228","4449","6779","79","38","41","11086","4749","6337","2227","987","1240","940","476","464","1030","567","463","2439","239","2678","29516","-2"
"122409","San Diego State University","2022","All students, Undergraduate, Degree/certificate-seeking total","31810","13648","18162","68","24","44","4254","1979","2275","1262","535","727","11184","4437","6747","78","37","41","11064","4735","6329","2223","984","1239","834","432","402","843","485","358",,,,,"-2"
"122409","San Diego State University","2022","All students, Undergraduate, Degree/certificate-seeking, First-time","6573","2564","4009","9","4","5","920","381","539","215","81","134","1991","735","1256","16","4","12","2642","1000","1642","534","230","304","142","73","69","104","56","48",,,,,"-2"
"122409","San Diego State University","2022","All students, Undergraduate, Other degree/certificate-seeking","25237","11084","14153","59","20","39","3334","1598","1736","1047","454","593","9193","3702","5491","62","33","29","8422","3735","4687","1689","754","935","692","359","333","739","429","310",,,,,"-2"
"122409","San Diego State University","2022","All students, Undergraduate, Non-degree/certificate-seeking","384","167","217","0","0","0","18","11","7","2","0","2","44","12","32","1","1","0","22","14","8","4","3","1","106","44","62","187","82","105",,,,,"-2"
"122409","San Diego State University","2022","All students, Graduate","5208","1877","3331","16","6","10","485","146","339","204","70","134","1748","542","1206","32","10","22","1676","639","1037","249","86","163","218","85","133","580","293","287","576","58","634","4574","-2"
"122409","San Diego State University","2022","All students, Undergraduate, Other degree/certificatee-seeking, Transfer-ins","4273","1953","2320","8","4","4","446","234","212","139","72","67","2028","807","1221","8","4","4","1176","595","581","232","118","114","153","75","78","83","44","39",,,,,"-2"
"122409","San Diego State University","2022","All students, Undergraduate, Other degree/certificatee-seeking, Continuing","20964","9131","11833","51","16","35","2888","1364","1524","908","382","526","7165","2895","4270","54","29","25","7246","3140","4106","1457","636","821","539","284","255","656","385","271",,,,,"-2"
"122409","San Diego State University","2022","Full-time students total","31807","13077","18730","73","25","48","4108","1821","2287","1251","511","740","10970","4130","6840","69","32","37","11039","4547","6492","2172","920","1252","821","404","417","1304","687","617",,,,,"-2"
"122409","San Diego State University","2022","Full-time students, Undergraduate total","28634","12073","16561","63","23","40","3809","1742","2067","1125","469","656","9828","3820","6008","67","31","36","10062","4223","5839","2015","880","1135","711","363","348","954","522","432",,,,,"-2"
"122409","San Diego State University","2022","Full-time students, Undergraduate, Degree/certificate-seeking total","28448","11992","16456","63","23","40","3809","1742","2067","1125","469","656","9828","3820","6008","67","31","36","10062","4223","5839","2015","880","1135","711","363","348","768","441","327",,,,,"-2"
"122409","San Diego State University","2022","Full-time students, Undergraduate, Degree/certificate-seeking, First-time","6529","2549","3980","9","4","5","912","377","535","214","81","133","1973","729","1244","16","4","12","2632","998","1634","530","229","301","142","73","69","101","54","47",,,,,"-2"
"122409","San Diego State University","2022","Full-time students, Undergraduate, Degree/certificate-seeking, Other degree/certificate-seeking","21919","9443","12476","54","19","35","2897","1365","1532","911","388","523","7855","3091","4764","51","27","24","7430","3225","4205","1485","651","834","569","290","279","667","387","280",,,,,"-2"
"122409","San Diego State University","2022","Full-time students, Undergraduate, Non-degree/certificate-seeking","186","81","105","0","0","0","0","0","0","0","0","0","0","0","0","0","0","0","0","0","0","0","0","0","0","0","0","186","81","105",,,,,"-2"
"122409","San Diego State University","2022","Full-time students, Graduate","3173","1004","2169","10","2","8","299","79","220","126","42","84","1142","310","832","2","1","1","977","324","653","157","40","117","110","41","69","350","165","185",,,,,"-2"
"122409","San Diego State University","2022","Full-time students, Undergraduate, Other degree/certificatee-seeking, Transfer-ins","3810","1730","2080","7","4","3","401","204","197","119","63","56","1803","713","1090","7","3","4","1064","540","524","208","103","105","123","59","64","78","41","37",,,,,"-2"
"122409","San Diego State University","2022","Full-time students, Undergraduate, Other degree/certificatee-seeking, Continuing","18109","7713","10396","47","15","32","2496","1161","1335","792","325","467","6052","2378","3674","44","24","20","6366","2685","3681","1277","548","729","446","231","215","589","346","243",,,,,"-2"
"122409","San Diego State University","2022","Part-time students total","5595","2615","2980","11","5","6","649","315","334","217","94","123","2006","861","1145","42","16","26","1723","841","882","304","153","151","337","157","180","306","173","133",,,,,"-2"
"122409","San Diego State University","2022","Part-time students, Undergraduate total","3560","1742","1818","5","1","4","463","248","215","139","66","73","1400","629","771","12","7","5","1024","526","498","212","107","105","229","113","116","76","45","31",,,,,"-2"
"122409","San Diego State University","2022","Part-time students, Undergraduate, Degree/certificate-seeking total","3362","1656","1706","5","1","4","445","237","208","137","66","71","1356","617","739","11","6","5","1002","512","490","208","104","104","123","69","54","75","44","31",,,,,"-2"
"122409","San Diego State University","2022","Part-time students, Undergraduate, Degree/certificate-seeking, First-time","44","15","29","0","0","0","8","4","4","1","0","1","18","6","12","0","0","0","10","2","8","4","1","3","0","0","0","3","2","1",,,,,"-2"
"122409","San Diego State University","2022","Part-time students, Undergraduate, Degree/certificate-seeking, Other degree/certificate-seeking","3318","1641","1677","5","1","4","437","233","204","136","66","70","1338","611","727","11","6","5","992","510","482","204","103","101","123","69","54","72","42","30",,,,,"-2"
"122409","San Diego State University","2022","Part-time students, Undergraduate, Non-degree/certificate-seeking","198","86","112","0","0","0","18","11","7","2","0","2","44","12","32","1","1","0","22","14","8","4","3","1","106","44","62","1","1","0",,,,,"-2"
"122409","San Diego State University","2022","Part-time students, Graduate","2035","873","1162","6","4","2","186","67","119","78","28","50","606","232","374","30","9","21","699","315","384","92","46","46","108","44","64","230","128","102",,,,,"-2"
"122409","San Diego State University","2022","Part-time students, Undergraduate, Other degree/certificatee-seeking, Transfer-ins","463","223","240","1","0","1","45","30","15","20","9","11","225","94","131","1","1","0","112","55","57","24","15","9","30","16","14","5","3","2",,,,,"-2"
"122409","San Diego State University","2022","Part-time students, Undergraduate, Other degree/certificatee-seeking, Continuing","2855","1418","1437","4","1","3","392","203","189","116","57","59","1113","517","596","10","5","5","880","455","425","180","88","92","93","53","40","67","39","28",,,,,"-2"
"126614","University of Colorado Boulder","2022","All students total","39585","21815","17770","90","43","47","2478","1320","1158","702","412","290","4849","2519","2330","35","17","18","25589","13875","11714","2342","1233","1109","420","251","169","3080","2145","935","0","63","63","39522","-2"
"126614","University of Colorado Boulder","2022","All students, Undergraduate total","31034","16737","14297","50","27","23","1935","1007","928","546","325","221","4051","2077","1974","31","14","17","21167","11388","9779","2030","1076","954","223","131","92","1001","692","309","0","17","17","31017","-2"
"126614","University of Colorado Boulder","2022","All students, Undergraduate, Degree/certificate-seeking total","30598","16530","14068","49","27","22","1894","983","911","536","320","216","3989","2052","1937","28","11","17","20900","11270","9630","1998","1058","940","218","128","90","986","681","305",,,,,"-2"
"126614","University of Colorado Boulder","2022","All students, Undergraduate, Degree/certificate-seeking, First-time","7102","3612","3490","17","10","7","472","226","246","149","96","53","903","428","475","8","3","5","4890","2497","2393","489","248","241","45","25","20","129","79","50",,,,,"-2"
"126614","University of Colorado Boulder","2022","All students, Undergraduate, Other degree/certificate-seeking","23496","12918","10578","32","17","15","1422","757","665","387","224","163","3086","1624","1462","20","8","12","16010","8773","7237","1509","810","699","173","103","70","857","602","255",,,,,"-2"
"126614","University of Colorado Boulder","2022","All students, Undergraduate, Non-degree/certificate-seeking","436","207","229","1","0","1","41","24","17","10","5","5","62","25","37","3","3","0","267","118","149","32","18","14","5","3","2","15","11","4",,,,,"-2"
"126614","University of Colorado Boulder","2022","All students, Graduate","8551","5078","3473","40","16","24","543","313","230","156","87","69","798","442","356","4","3","1","4422","2487","1935","312","157","155","197","120","77","2079","1453","626","0","46","46","8505","-2"
"126614","University of Colorado Boulder","2022","All students, Undergraduate, Other degree/certificatee-seeking, Transfer-ins","1446","841","605","3","2","1","58","28","30","28","20","8","223","125","98","2","0","2","920","548","372","91","51","40","5","3","2","116","64","52",,,,,"-2"
"126614","University of Colorado Boulder","2022","All students, Undergraduate, Other degree/certificatee-seeking, Continuing","22050","12077","9973","29","15","14","1364","729","635","359","204","155","2863","1499","1364","18","8","10","15090","8225","6865","1418","759","659","168","100","68","741","538","203",,,,,"-2"
"126614","University of Colorado Boulder","2022","Full-time students total","31637","16943","14694","66","28","38","1940","990","950","562","335","227","3981","2017","1964","29","12","17","21269","11374","9895","1998","1030","968","240","132","108","1552","1025","527",,,,,"-2"
"126614","University of Colorado Boulder","2022","Full-time students, Undergraduate total","28728","15386","13342","40","21","19","1779","902","877","497","301","196","3696","1879","1817","29","12","17","19665","10525","9140","1884","987","897","195","108","87","943","651","292",,,,,"-2"
"126614","University of Colorado Boulder","2022","Full-time students, Undergraduate, Degree/certificate-seeking total","28654","15337","13317","40","21","19","1771","897","874","494","299","195","3689","1875","1814","27","10","17","19620","10494","9126","1878","983","895","195","108","87","940","650","290",,,,,"-2"
"126614","University of Colorado Boulder","2022","Full-time students, Undergraduate, Degree/certificate-seeking, First-time","7027","3573","3454","16","10","6","471","225","246","143","93","50","892","421","471","8","3","5","4837","2470","2367","486","247","239","45","25","20","129","79","50",,,,,"-2"
"126614","University of Colorado Boulder","2022","Full-time students, Undergraduate, Degree/certificate-seeking, Other degree/certificate-seeking","21627","11764","9863","24","11","13","1300","672","628","351","206","145","2797","1454","1343","19","7","12","14783","8024","6759","1392","736","656","150","83","67","811","571","240",,,,,"-2"
"126614","University of Colorado Boulder","2022","Full-time students, Undergraduate, Non-degree/certificate-seeking","74","49","25","0","0","0","8","5","3","3","2","1","7","4","3","2","2","0","45","31","14","6","4","2","0","0","0","3","1","2",,,,,"-2"
"126614","University of Colorado Boulder","2022","Full-time students, Graduate","2909","1557","1352","26","7","19","161","88","73","65","34","31","285","138","147","0","0","0","1604","849","755","114","43","71","45","24","21","609","374","235",,,,,"-2"
"126614","University of Colorado Boulder","2022","Full-time students, Undergraduate, Other degree/certificatee-seeking, Transfer-ins","1267","726","541","3","2","1","48","21","27","23","17","6","185","101","84","2","0","2","813","479","334","79","44","35","3","1","2","111","61","50",,,,,"-2"
"126614","University of Colorado Boulder","2022","Full-time students, Undergraduate, Other degree/certificatee-seeking, Continuing","20360","11038","9322","21","9","12","1252","651","601","328","189","139","2612","1353","1259","17","7","10","13970","7545","6425","1313","692","621","147","82","65","700","510","190",,,,,"-2"
"126614","University of Colorado Boulder","2022","Part-time students total","7948","4872","3076","24","15","9","538","330","208","140","77","63","868","502","366","6","5","1","4320","2501","1819","344","203","141","180","119","61","1528","1120","408",,,,,"-2"
"126614","University of Colorado Boulder","2022","Part-time students, Undergraduate total","2306","1351","955","10","6","4","156","105","51","49","24","25","355","198","157","2","2","0","1502","863","639","146","89","57","28","23","5","58","41","17",,,,,"-2"
"126614","University of Colorado Boulder","2022","Part-time students, Undergraduate, Degree/certificate-seeking total","1944","1193","751","9","6","3","123","86","37","42","21","21","300","177","123","1","1","0","1280","776","504","120","75","45","23","20","3","46","31","15",,,,,"-2"
"126614","University of Colorado Boulder","2022","Part-time students, Undergraduate, Degree/certificate-seeking, First-time","75","39","36","1","0","1","1","1","0","6","3","3","11","7","4","0","0","0","53","27","26","3","1","2","0","0","0","0","0","0",,,,,"-2"
"126614","University of Colorado Boulder","2022","Part-time students, Undergraduate, Degree/certificate-seeking, Other degree/certificate-seeking","1869","1154","715","8","6","2","122","85","37","36","18","18","289","170","119","1","1","0","1227","749","478","117","74","43","23","20","3","46","31","15",,,,,"-2"
"126614","University of Colorado Boulder","2022","Part-time students, Undergraduate, Non-degree/certificate-seeking","362","158","204","1","0","1","33","19","14","7","3","4","55","21","34","1","1","0","222","87","135","26","14","12","5","3","2","12","10","2",,,,,"-2"
"126614","University of Colorado Boulder","2022","Part-time students, Graduate","5642","3521","2121","14","9","5","382","225","157","91","53","38","513","304","209","4","3","1","2818","1638","1180","198","114","84","152","96","56","1470","1079","391",,,,,"-2"
"126614","University of Colorado Boulder","2022","Part-time students, Undergraduate, Other degree/certificatee-seeking, Transfer-ins","179","115","64","0","0","0","10","7","3","5","3","2","38","24","14","0","0","0","107","69","38","12","7","5","2","2","0","5","3","2",,,,,"-2"
"126614","University of Colorado Boulder","2022","Part-time students, Undergraduate, Other degree/certificatee-seeking, Continuing","1690","1039","651","8","6","2","112","78","34","31","15","16","251","146","105","1","1","0","1120","680","440","105","67","38","21","18","3","41","28","13",,,,,"-2"
"129020","University of Connecticut","2022","All students total","27003","12559","14444","28","9","19","3074","1436","1638","1790","712","1078","3512","1477","2035","8","2","6","13721","6304","7417","1014","456","558","392","191","201","3464","1972","1492","0",,"0","27003","-2"
"129020","University of Connecticut","2022","All students, Undergraduate total","18983","8952","10031","19","5","14","2473","1184","1289","1313","535","778","2836","1208","1628","5","0","5","9701","4579","5122","810","375","435","209","104","105","1617","962","655","0",,"0","18983","-2"
"129020","University of Connecticut","2022","All students, Undergraduate, Degree/certificate-seeking total","18768","8848","9920","19","5","14","2465","1180","1285","1306","531","775","2826","1203","1623","5","0","5","9630","4537","5093","806","372","434","193","98","95","1518","922","596",,,,,"-2"
"129020","University of Connecticut","2022","All students, Undergraduate, Degree/certificate-seeking, First-time","4069","1731","2338","7","1","6","570","255","315","330","126","204","713","284","429","1","0","1","1838","754","1084","210","85","125","22","7","15","378","219","159",,,,,"-2"
"129020","University of Connecticut","2022","All students, Undergraduate, Other degree/certificate-seeking","14699","7117","7582","12","4","8","1895","925","970","976","405","571","2113","919","1194","4","0","4","7792","3783","4009","596","287","309","171","91","80","1140","703","437",,,,,"-2"
"129020","University of Connecticut","2022","All students, Undergraduate, Non-degree/certificate-seeking","215","104","111","0","0","0","8","4","4","7","4","3","10","5","5","0","0","0","71","42","29","4","3","1","16","6","10","99","40","59",,,,,"-2"
"129020","University of Connecticut","2022","All students, Graduate","8020","3607","4413","9","4","5","601","252","349","477","177","300","676","269","407","3","2","1","4020","1725","2295","204","81","123","183","87","96","1847","1010","837","0",,"0","8020","-2"
"129020","University of Connecticut","2022","All students, Undergraduate, Other degree/certificatee-seeking, Transfer-ins","709","372","337","1","0","1","49","25","24","47","27","20","71","37","34","0","0","0","458","236","222","39","21","18","18","12","6","26","14","12",,,,,"-2"
"129020","University of Connecticut","2022","All students, Undergraduate, Other degree/certificatee-seeking, Continuing","13990","6745","7245","11","4","7","1846","900","946","929","378","551","2042","882","1160","4","0","4","7334","3547","3787","557","266","291","153","79","74","1114","689","425",,,,,"-2"
"129020","University of Connecticut","2022","Full-time students total","23869","11065","12804","25","8","17","2816","1303","1513","1560","616","944","3204","1338","1866","7","1","6","11838","5404","6434","943","421","522","268","141","127","3208","1833","1375",,,,,"-2"
"129020","University of Connecticut","2022","Full-time students, Undergraduate total","18397","8619","9778","18","5","13","2417","1149","1268","1275","516","759","2777","1176","1601","5","0","5","9365","4380","4985","792","365","427","190","98","92","1558","930","628",,,,,"-2"
"129020","University of Connecticut","2022","Full-time students, Undergraduate, Degree/certificate-seeking total","18319","8591","9728","18","5","13","2417","1149","1268","1275","516","759","2777","1176","1601","5","0","5","9365","4380","4985","792","365","427","189","98","91","1481","902","579",,,,,"-2"
"129020","University of Connecticut","2022","Full-time students, Undergraduate, Degree/certificate-seeking, First-time","4061","1726","2335","7","1","6","568","253","315","328","125","203","711","282","429","1","0","1","1837","754","1083","210","85","125","22","7","15","377","219","158",,,,,"-2"
"129020","University of Connecticut","2022","Full-time students, Undergraduate, Degree/certificate-seeking, Other degree/certificate-seeking","14258","6865","7393","11","4","7","1849","896","953","947","391","556","2066","894","1172","4","0","4","7528","3626","3902","582","280","302","167","91","76","1104","683","421",,,,,"-2"
"129020","University of Connecticut","2022","Full-time students, Undergraduate, Non-degree/certificate-seeking","78","28","50","0","0","0","0","0","0","0","0","0","0","0","0","0","0","0","0","0","0","0","0","0","1","0","1","77","28","49",,,,,"-2"
"129020","University of Connecticut","2022","Full-time students, Graduate","5472","2446","3026","7","3","4","399","154","245","285","100","185","427","162","265","2","1","1","2473","1024","1449","151","56","95","78","43","35","1650","903","747",,,,,"-2"
"129020","University of Connecticut","2022","Full-time students, Undergraduate, Other degree/certificatee-seeking, Transfer-ins","687","358","329","1","0","1","46","23","23","43","25","18","70","36","34","0","0","0","445","227","218","39","21","18","17","12","5","26","14","12",,,,,"-2"
"129020","University of Connecticut","2022","Full-time students, Undergraduate, Other degree/certificatee-seeking, Continuing","13571","6507","7064","10","4","6","1803","873","930","904","366","538","1996","858","1138","4","0","4","7083","3399","3684","543","259","284","150","79","71","1078","669","409",,,,,"-2"
"129020","University of Connecticut","2022","Part-time students total","3134","1494","1640","3","1","2","258","133","125","230","96","134","308","139","169","1","1","0","1883","900","983","71","35","36","124","50","74","256","139","117",,,,,"-2"
"129020","University of Connecticut","2022","Part-time students, Undergraduate total","586","333","253","1","0","1","56","35","21","38","19","19","59","32","27","0","0","0","336","199","137","18","10","8","19","6","13","59","32","27",,,,,"-2"
"129020","University of Connecticut","2022","Part-time students, Undergraduate, Degree/certificate-seeking total","449","257","192","1","0","1","48","31","17","31","15","16","49","27","22","0","0","0","265","157","108","14","7","7","4","0","4","37","20","17",,,,,"-2"
"129020","University of Connecticut","2022","Part-time students, Undergraduate, Degree/certificate-seeking, First-time","8","5","3","0","0","0","2","2","0","2","1","1","2","2","0","0","0","0","1","0","1","0","0","0","0","0","0","1","0","1",,,,,"-2"
"129020","University of Connecticut","2022","Part-time students, Undergraduate, Degree/certificate-seeking, Other degree/certificate-seeking","441","252","189","1","0","1","46","29","17","29","14","15","47","25","22","0","0","0","264","157","107","14","7","7","4","0","4","36","20","16",,,,,"-2"
"129020","University of Connecticut","2022","Part-time students, Undergraduate, Non-degree/certificate-seeking","137","76","61","0","0","0","8","4","4","7","4","3","10","5","5","0","0","0","71","42","29","4","3","1","15","6","9","22","12","10",,,,,"-2"
"129020","University of Connecticut","2022","Part-time students, Graduate","2548","1161","1387","2","1","1","202","98","104","192","77","115","249","107","142","1","1","0","1547","701","846","53","25","28","105","44","61","197","107","90",,,,,"-2"
"129020","University of Connecticut","2022","Part-time students, Undergraduate, Other degree/certificatee-seeking, Transfer-ins","22","14","8","0","0","0","3","2","1","4","2","2","1","1","0","0","0","0","13","9","4","0","0","0","1","0","1","0","0","0",,,,,"-2"
"129020","University of Connecticut","2022","Part-time students, Undergraduate, Other degree/certificatee-seeking, Continuing","419","238","181","1","0","1","43","27","16","25","12","13","46","24","22","0","0","0","251","148","103","14","7","7","3","0","3","36","20","16",,,,,"-2"
"134130","University of Florida","2022","All students total","55211","23787","31424","46","28","18","5093","2241","2852","3079","990","2089","11404","4779","6625","25","12","13","27118","11355","15763","2272","944","1328","1223","556","667","4951","2882","2069","0",,"0","55211","-2"
"134130","University of Florida","2022","All students, Undergraduate total","34552","15106","19446","22","19","3","3812","1719","2093","1739","580","1159","8293","3569","4724","14","7","7","17487","7698","9789","1655","714","941","624","308","316","906","492","414","0",,"0","34552","-2"
"134130","University of Florida","2022","All students, Undergraduate, Degree/certificate-seeking total","33673","14730","18943","20","18","2","3771","1706","2065","1702","564","1138","8105","3501","4604","14","7","7","17099","7527","9572","1613","698","915","591","287","304","758","422","336",,,,,"-2"
"134130","University of Florida","2022","All students, Undergraduate, Degree/certificate-seeking, First-time","6612","2730","3882","1","1","0","948","419","529","404","125","279","1392","551","841","6","2","4","3314","1374","1940","310","135","175","96","42","54","141","81","60",,,,,"-2"
"134130","University of Florida","2022","All students, Undergraduate, Other degree/certificate-seeking","27061","12000","15061","19","17","2","2823","1287","1536","1298","439","859","6713","2950","3763","8","5","3","13785","6153","7632","1303","563","740","495","245","250","617","341","276",,,,,"-2"
"134130","University of Florida","2022","All students, Undergraduate, Non-degree/certificate-seeking","879","376","503","2","1","1","41","13","28","37","16","21","188","68","120","0","0","0","388","171","217","42","16","26","33","21","12","148","70","78",,,,,"-2"
"134130","University of Florida","2022","All students, Graduate","20659","8681","11978","24","9","15","1281","522","759","1340","410","930","3111","1210","1901","11","5","6","9631","3657","5974","617","230","387","599","248","351","4045","2390","1655","0",,"0","20659","-2"
"134130","University of Florida","2022","All students, Undergraduate, Other degree/certificatee-seeking, Transfer-ins","1429","667","762","2","2","0","81","42","39","72","24","48","455","198","257","1","1","0","680","333","347","62","29","33","25","16","9","51","22","29",,,,,"-2"
"134130","University of Florida","2022","All students, Undergraduate, Other degree/certificatee-seeking, Continuing","25632","11333","14299","17","15","2","2742","1245","1497","1226","415","811","6258","2752","3506","7","4","3","13105","5820","7285","1241","534","707","470","229","241","566","319","247",,,,,"-2"
"134130","University of Florida","2022","Full-time students total","43969","19331","24638","26","18","8","4381","1951","2430","2268","727","1541","9206","3890","5316","18","9","9","21001","8974","12027","1877","795","1082","838","382","456","4354","2585","1769",,,,,"-2"
"134130","University of Florida","2022","Full-time students, Undergraduate total","31017","13307","17710","15","13","2","3526","1585","1941","1570","506","1064","7346","3095","4251","12","5","7","15709","6768","8941","1486","641","845","529","245","284","824","449","375",,,,,"-2"
"134130","University of Florida","2022","Full-time students, Undergraduate, Degree/certificate-seeking total","30690","13165","17525","15","13","2","3518","1584","1934","1552","496","1056","7288","3079","4209","12","5","7","15621","6733","8888","1475","633","842","523","240","283","686","382","304",,,,,"-2"
"134130","University of Florida","2022","Full-time students, Undergraduate, Degree/certificate-seeking, First-time","6594","2721","3873","1","1","0","944","418","526","404","125","279","1388","549","839","6","2","4","3309","1372","1937","307","133","174","96","42","54","139","79","60",,,,,"-2"
"134130","University of Florida","2022","Full-time students, Undergraduate, Degree/certificate-seeking, Other degree/certificate-seeking","24096","10444","13652","14","12","2","2574","1166","1408","1148","371","777","5900","2530","3370","6","3","3","12312","5361","6951","1168","500","668","427","198","229","547","303","244",,,,,"-2"
"134130","University of Florida","2022","Full-time students, Undergraduate, Non-degree/certificate-seeking","327","142","185","0","0","0","8","1","7","18","10","8","58","16","42","0","0","0","88","35","53","11","8","3","6","5","1","138","67","71",,,,,"-2"
"134130","University of Florida","2022","Full-time students, Graduate","12952","6024","6928","11","5","6","855","366","489","698","221","477","1860","795","1065","6","4","2","5292","2206","3086","391","154","237","309","137","172","3530","2136","1394",,,,,"-2"
"134130","University of Florida","2022","Full-time students, Undergraduate, Other degree/certificatee-seeking, Transfer-ins","1295","610","685","2","2","0","75","39","36","62","21","41","402","177","225","1","1","0","622","307","315","59","26","33","24","15","9","48","22","26",,,,,"-2"
"134130","University of Florida","2022","Full-time students, Undergraduate, Other degree/certificatee-seeking, Continuing","22801","9834","12967","12","10","2","2499","1127","1372","1086","350","736","5498","2353","3145","5","2","3","11690","5054","6636","1109","474","635","403","183","220","499","281","218",,,,,"-2"
"134130","University of Florida","2022","Part-time students total","11242","4456","6786","20","10","10","712","290","422","811","263","548","2198","889","1309","7","3","4","6117","2381","3736","395","149","246","385","174","211","597","297","300",,,,,"-2"
"134130","University of Florida","2022","Part-time students, Undergraduate total","3535","1799","1736","7","6","1","286","134","152","169","74","95","947","474","473","2","2","0","1778","930","848","169","73","96","95","63","32","82","43","39",,,,,"-2"
"134130","University of Florida","2022","Part-time students, Undergraduate, Degree/certificate-seeking total","2983","1565","1418","5","5","0","253","122","131","150","68","82","817","422","395","2","2","0","1478","794","684","138","65","73","68","47","21","72","40","32",,,,,"-2"
"134130","University of Florida","2022","Part-time students, Undergraduate, Degree/certificate-seeking, First-time","18","9","9","0","0","0","4","1","3","0","0","0","4","2","2","0","0","0","5","2","3","3","2","1","0","0","0","2","2","0",,,,,"-2"
"134130","University of Florida","2022","Part-time students, Undergraduate, Degree/certificate-seeking, Other degree/certificate-seeking","2965","1556","1409","5","5","0","249","121","128","150","68","82","813","420","393","2","2","0","1473","792","681","135","63","72","68","47","21","70","38","32",,,,,"-2"
"134130","University of Florida","2022","Part-time students, Undergraduate, Non-degree/certificate-seeking","552","234","318","2","1","1","33","12","21","19","6","13","130","52","78","0","0","0","300","136","164","31","8","23","27","16","11","10","3","7",,,,,"-2"
"134130","University of Florida","2022","Part-time students, Graduate","7707","2657","5050","13","4","9","426","156","270","642","189","453","1251","415","836","5","1","4","4339","1451","2888","226","76","150","290","111","179","515","254","261",,,,,"-2"
"134130","University of Florida","2022","Part-time students, Undergraduate, Other degree/certificatee-seeking, Transfer-ins","134","57","77","0","0","0","6","3","3","10","3","7","53","21","32","0","0","0","58","26","32","3","3","0","1","1","0","3","0","3",,,,,"-2"
"134130","University of Florida","2022","Part-time students, Undergraduate, Other degree/certificatee-seeking, Continuing","2831","1499","1332","5","5","0","243","118","125","140","65","75","760","399","361","2","2","0","1415","766","649","132","60","72","67","46","21","67","38","29",,,,,"-2"
"137351","University of South Florida","2022","All students total","49600","21001","28599","69","27","42","3772","1655","2117","3969","1467","2502","10069","3941","6128","48","16","32","22100","9029","13071","1857","721","1136","1979","845","1134","5737","3300","2437","0",,"0","49600","-2"
"137351","University of South Florida","2022","All students, Undergraduate total","38047","16478","21569","56","20","36","3138","1421","1717","3044","1204","1840","8460","3437","5023","39","15","24","17271","7364","9907","1602","647","955","1189","512","677","3248","1858","1390","0",,"0","38047","-2"
"137351","University of South Florida","2022","All students, Undergraduate, Degree/certificate-seeking total","36763","15928","20835","55","20","35","3056","1392","1664","2953","1168","1785","8266","3365","4901","37","15","22","16731","7139","9592","1553","626","927","1138","492","646","2974","1711","1263",,,,,"-2"
"137351","University of South Florida","2022","All students, Undergraduate, Degree/certificate-seeking, First-time","6800","2850","3950","9","4","5","663","288","375","403","134","269","1461","582","879","7","2","5","3084","1258","1826","289","118","171","172","74","98","712","390","322",,,,,"-2"
"137351","University of South Florida","2022","All students, Undergraduate, Other degree/certificate-seeking","29963","13078","16885","46","16","30","2393","1104","1289","2550","1034","1516","6805","2783","4022","30","13","17","13647","5881","7766","1264","508","756","966","418","548","2262","1321","941",,,,,"-2"
"137351","University of South Florida","2022","All students, Undergraduate, Non-degree/certificate-seeking","1284","550","734","1","0","1","82","29","53","91","36","55","194","72","122","2","0","2","540","225","315","49","21","28","51","20","31","274","147","127",,,,,"-2"
"137351","University of South Florida","2022","All students, Graduate","11553","4523","7030","13","7","6","634","234","400","925","263","662","1609","504","1105","9","1","8","4829","1665","3164","255","74","181","790","333","457","2489","1442","1047","0",,"0","11553","-2"
"137351","University of South Florida","2022","All students, Undergraduate, Other degree/certificatee-seeking, Transfer-ins","3291","1356","1935","7","0","7","171","69","102","339","136","203","863","325","538","5","2","3","1472","626","846","144","58","86","81","39","42","209","101","108",,,,,"-2"
"137351","University of South Florida","2022","All students, Undergraduate, Other degree/certificatee-seeking, Continuing","26672","11722","14950","39","16","23","2222","1035","1187","2211","898","1313","5942","2458","3484","25","11","14","12175","5255","6920","1120","450","670","885","379","506","2053","1220","833",,,,,"-2"
"137351","University of South Florida","2022","Full-time students total","36931","15809","21122","57","22","35","2922","1269","1653","2679","1018","1661","7229","2838","4391","37","14","23","15820","6435","9385","1457","567","890","1511","653","858","5219","2993","2226",,,,,"-2"
"137351","University of South Florida","2022","Full-time students, Undergraduate total","30097","12878","17219","50","18","32","2573","1133","1440","2277","889","1388","6407","2559","3848","34","14","20","13464","5594","7870","1314","528","786","895","383","512","3083","1760","1323",,,,,"-2"
"137351","University of South Florida","2022","Full-time students, Undergraduate, Degree/certificate-seeking total","29681","12671","17010","49","18","31","2560","1130","1430","2253","872","1381","6380","2551","3829","32","14","18","13404","5574","7830","1305","523","782","885","376","509","2813","1613","1200",,,,,"-2"
"137351","University of South Florida","2022","Full-time students, Undergraduate, Degree/certificate-seeking, First-time","6655","2764","3891","9","4","5","650","280","370","394","129","265","1417","554","863","7","2","5","3025","1223","1802","285","116","169","164","70","94","704","386","318",,,,,"-2"
"137351","University of South Florida","2022","Full-time students, Undergraduate, Degree/certificate-seeking, Other degree/certificate-seeking","23026","9907","13119","40","14","26","1910","850","1060","1859","743","1116","4963","1997","2966","25","12","13","10379","4351","6028","1020","407","613","721","306","415","2109","1227","882",,,,,"-2"
"137351","University of South Florida","2022","Full-time students, Undergraduate, Non-degree/certificate-seeking","416","207","209","1","0","1","13","3","10","24","17","7","27","8","19","2","0","2","60","20","40","9","5","4","10","7","3","270","147","123",,,,,"-2"
"137351","University of South Florida","2022","Full-time students, Graduate","6834","2931","3903","7","4","3","349","136","213","402","129","273","822","279","543","3","0","3","2356","841","1515","143","39","104","616","270","346","2136","1233","903",,,,,"-2"
"137351","University of South Florida","2022","Full-time students, Undergraduate, Other degree/certificatee-seeking, Transfer-ins","2382","1011","1371","4","0","4","122","52","70","227","89","138","595","218","377","3","2","1","1068","475","593","111","46","65","58","31","27","194","98","96",,,,,"-2"
"137351","University of South Florida","2022","Full-time students, Undergraduate, Other degree/certificatee-seeking, Continuing","20644","8896","11748","36","14","22","1788","798","990","1632","654","978","4368","1779","2589","22","10","12","9311","3876","5435","909","361","548","663","275","388","1915","1129","786",,,,,"-2"
"137351","University of South Florida","2022","Part-time students total","12669","5192","7477","12","5","7","850","386","464","1290","449","841","2840","1103","1737","11","2","9","6280","2594","3686","400","154","246","468","192","276","518","307","211",,,,,"-2"
"137351","University of South Florida","2022","Part-time students, Undergraduate total","7950","3600","4350","6","2","4","565","288","277","767","315","452","2053","878","1175","5","1","4","3807","1770","2037","288","119","169","294","129","165","165","98","67",,,,,"-2"
"137351","University of South Florida","2022","Part-time students, Undergraduate, Degree/certificate-seeking total","7082","3257","3825","6","2","4","496","262","234","700","296","404","1886","814","1072","5","1","4","3327","1565","1762","248","103","145","253","116","137","161","98","63",,,,,"-2"
"137351","University of South Florida","2022","Part-time students, Undergraduate, Degree/certificate-seeking, First-time","145","86","59","0","0","0","13","8","5","9","5","4","44","28","16","0","0","0","59","35","24","4","2","2","8","4","4","8","4","4",,,,,"-2"
"137351","University of South Florida","2022","Part-time students, Undergraduate, Degree/certificate-seeking, Other degree/certificate-seeking","6937","3171","3766","6","2","4","483","254","229","691","291","400","1842","786","1056","5","1","4","3268","1530","1738","244","101","143","245","112","133","153","94","59",,,,,"-2"
"137351","University of South Florida","2022","Part-time students, Undergraduate, Non-degree/certificate-seeking","868","343","525","0","0","0","69","26","43","67","19","48","167","64","103","0","0","0","480","205","275","40","16","24","41","13","28","4","0","4",,,,,"-2"
"137351","University of South Florida","2022","Part-time students, Graduate","4719","1592","3127","6","3","3","285","98","187","523","134","389","787","225","562","6","1","5","2473","824","1649","112","35","77","174","63","111","353","209","144",,,,,"-2"
"137351","University of South Florida","2022","Part-time students, Undergraduate, Other degree/certificatee-seeking, Transfer-ins","909","345","564","3","0","3","49","17","32","112","47","65","268","107","161","2","0","2","404","151","253","33","12","21","23","8","15","15","3","12",,,,,"-2"
"137351","University of South Florida","2022","Part-time students, Undergraduate, Other degree/certificatee-seeking, Continuing","6028","2826","3202","3","2","1","434","237","197","579","244","335","1574","679","895","3","1","2","2864","1379","1485","211","89","122","222","104","118","138","91","47",,,,,"-2"
"139658","Emory University","2022","All students total","14841","5753","9088","12","2","10","2604","1091","1513","1885","495","1390","1376","477","899","7","4","3","5502","2092","3410","605","204","401","298","140","158","2552","1248","1304","0",,"0","14841","-2"
"139658","Emory University","2022","All students, Undergraduate total","7101","3047","4054","3","1","2","1663","759","904","598","186","412","802","299","503","1","1","0","2328","986","1342","326","136","190","97","46","51","1283","633","650","0",,"0","7101","-2"
"139658","Emory University","2022","All students, Undergraduate, Degree/certificate-seeking total","7017","3006","4011","3","1","2","1663","759","904","598","186","412","801","298","503","1","1","0","2323","985","1338","323","135","188","97","46","51","1208","595","613",,,,,"-2"
"139658","Emory University","2022","All students, Undergraduate, Degree/certificate-seeking, First-time","1424","636","788","1","1","0","333","159","174","136","42","94","175","66","109","0","0","0","454","201","253","61","24","37","26","13","13","238","130","108",,,,,"-2"
"139658","Emory University","2022","All students, Undergraduate, Other degree/certificate-seeking","5593","2370","3223","2","0","2","1330","600","730","462","144","318","626","232","394","1","1","0","1869","784","1085","262","111","151","71","33","38","970","465","505",,,,,"-2"
"139658","Emory University","2022","All students, Undergraduate, Non-degree/certificate-seeking","84","41","43","0","0","0","0","0","0","0","0","0","1","1","0","0","0","0","5","1","4","3","1","2","0","0","0","75","38","37",,,,,"-2"
"139658","Emory University","2022","All students, Graduate","7740","2706","5034","9","1","8","941","332","609","1287","309","978","574","178","396","6","3","3","3174","1106","2068","279","68","211","201","94","107","1269","615","654","0",,"0","7740","-2"
"139658","Emory University","2022","All students, Undergraduate, Other degree/certificatee-seeking, Transfer-ins","571","243","328","0","0","0","140","58","82","49","11","38","57","21","36","0","0","0","179","70","109","33","13","20","7","6","1","106","64","42",,,,,"-2"
"139658","Emory University","2022","All students, Undergraduate, Other degree/certificatee-seeking, Continuing","5022","2127","2895","2","0","2","1190","542","648","413","133","280","569","211","358","1","1","0","1690","714","976","229","98","131","64","27","37","864","401","463",,,,,"-2"
"139658","Emory University","2022","Full-time students total","13342","5157","8185","9","1","8","2369","975","1394","1569","403","1166","1291","448","843","5","3","2","4920","1853","3067","560","195","365","245","114","131","2374","1165","1209",,,,,"-2"
"139658","Emory University","2022","Full-time students, Undergraduate total","7022","3011","4011","3","1","2","1643","747","896","591","182","409","800","299","501","1","1","0","2309","981","1328","320","135","185","96","45","51","1259","620","639",,,,,"-2"
"139658","Emory University","2022","Full-time students, Undergraduate, Degree/certificate-seeking total","6949","2973","3976","3","1","2","1643","747","896","591","182","409","799","298","501","1","1","0","2309","981","1328","320","135","185","96","45","51","1187","583","604",,,,,"-2"
"139658","Emory University","2022","Full-time students, Undergraduate, Degree/certificate-seeking, First-time","1424","636","788","1","1","0","333","159","174","136","42","94","175","66","109","0","0","0","454","201","253","61","24","37","26","13","13","238","130","108",,,,,"-2"
"139658","Emory University","2022","Full-time students, Undergraduate, Degree/certificate-seeking, Other degree/certificate-seeking","5525","2337","3188","2","0","2","1310","588","722","455","140","315","624","232","392","1","1","0","1855","780","1075","259","111","148","70","32","38","949","453","496",,,,,"-2"
"139658","Emory University","2022","Full-time students, Undergraduate, Non-degree/certificate-seeking","73","38","35","0","0","0","0","0","0","0","0","0","1","1","0","0","0","0","0","0","0","0","0","0","0","0","0","72","37","35",,,,,"-2"
"139658","Emory University","2022","Full-time students, Graduate","6320","2146","4174","6","0","6","726","228","498","978","221","757","491","149","342","4","2","2","2611","872","1739","240","60","180","149","69","80","1115","545","570",,,,,"-2"
"139658","Emory University","2022","Full-time students, Undergraduate, Other degree/certificatee-seeking, Transfer-ins","567","243","324","0","0","0","140","58","82","47","11","36","57","21","36","0","0","0","178","70","108","32","13","19","7","6","1","106","64","42",,,,,"-2"
"139658","Emory University","2022","Full-time students, Undergraduate, Other degree/certificatee-seeking, Continuing","4958","2094","2864","2","0","2","1170","530","640","408","129","279","567","211","356","1","1","0","1677","710","967","227","98","129","63","26","37","843","389","454",,,,,"-2"
"139658","Emory University","2022","Part-time students total","1499","596","903","3","1","2","235","116","119","316","92","224","85","29","56","2","1","1","582","239","343","45","9","36","53","26","27","178","83","95",,,,,"-2"
"139658","Emory University","2022","Part-time students, Undergraduate total","79","36","43","0","0","0","20","12","8","7","4","3","2","0","2","0","0","0","19","5","14","6","1","5","1","1","0","24","13","11",,,,,"-2"
"139658","Emory University","2022","Part-time students, Undergraduate, Degree/certificate-seeking total","68","33","35","0","0","0","20","12","8","7","4","3","2","0","2","0","0","0","14","4","10","3","0","3","1","1","0","21","12","9",,,,,"-2"
"139658","Emory University","2022","Part-time students, Undergraduate, Degree/certificate-seeking, Other degree/certificate-seeking","68","33","35","0","0","0","20","12","8","7","4","3","2","0","2","0","0","0","14","4","10","3","0","3","1","1","0","21","12","9",,,,,"-2"
"139658","Emory University","2022","Part-time students, Undergraduate, Non-degree/certificate-seeking","11","3","8","0","0","0","0","0","0","0","0","0","0","0","0","0","0","0","5","1","4","3","1","2","0","0","0","3","1","2",,,,,"-2"
"139658","Emory University","2022","Part-time students, Graduate","1420","560","860","3","1","2","215","104","111","309","88","221","83","29","54","2","1","1","563","234","329","39","8","31","52","25","27","154","70","84",,,,,"-2"
"139658","Emory University","2022","Part-time students, Undergraduate, Other degree/certificatee-seeking, Transfer-ins","4","0","4","0","0","0","0","0","0","2","0","2","0","0","0","0","0","0","1","0","1","1","0","1","0","0","0","0","0","0",,,,,"-2"
"139658","Emory University","2022","Part-time students, Undergraduate, Other degree/certificatee-seeking, Continuing","64","33","31","0","0","0","20","12","8","5","4","1","2","0","2","0","0","0","13","4","9","2","0","2","1","1","0","21","12","9",,,,,"-2"
"139755","Georgia Institute of Technology-Main Campus","2022","All students total","45296","30704","14592","27","15","12","10663","6912","3751","2334","1381","953","2922","2012","910","25","23","2","14924","10549","4375","1439","946","493","567","425","142","12395","8441","3954","0",,"0","45296","-2"
"139755","Georgia Institute of Technology-Main Campus","2022","All students, Undergraduate total","18415","11178","7237","10","7","3","5766","3500","2266","1418","773","645","1456","880","576","5","3","2","6892","4228","2664","814","482","332","184","117","67","1870","1188","682","0",,"0","18415","-2"
"139755","Georgia Institute of Technology-Main Campus","2022","All students, Undergraduate, Degree/certificate-seeking total","17379","10459","6920","10","7","3","5202","3114","2088","1368","744","624","1424","860","564","5","3","2","6669","4056","2613","773","459","314","162","105","57","1766","1111","655",,,,,"-2"
"139755","Georgia Institute of Technology-Main Campus","2022","All students, Undergraduate, Degree/certificate-seeking, First-time","3647","2111","1536","0","0","0","1228","701","527","322","163","159","339","206","133","0","0","0","1270","756","514","163","88","75","39","23","16","286","174","112",,,,,"-2"
"139755","Georgia Institute of Technology-Main Campus","2022","All students, Undergraduate, Other degree/certificate-seeking","13732","8348","5384","10","7","3","3974","2413","1561","1046","581","465","1085","654","431","5","3","2","5399","3300","2099","610","371","239","123","82","41","1480","937","543",,,,,"-2"
"139755","Georgia Institute of Technology-Main Campus","2022","All students, Undergraduate, Non-degree/certificate-seeking","1036","719","317","0","0","0","564","386","178","50","29","21","32","20","12","0","0","0","223","172","51","41","23","18","22","12","10","104","77","27",,,,,"-2"
"139755","Georgia Institute of Technology-Main Campus","2022","All students, Graduate","26881","19526","7355","17","8","9","4897","3412","1485","916","608","308","1466","1132","334","20","20","0","8032","6321","1711","625","464","161","383","308","75","10525","7253","3272","0",,"0","26881","-2"
"139755","Georgia Institute of Technology-Main Campus","2022","All students, Undergraduate, Other degree/certificatee-seeking, Transfer-ins","1024","701","323","3","2","1","412","260","152","61","42","19","76","53","23","1","1","0","318","233","85","62","49","13","4","3","1","87","58","29",,,,,"-2"
"139755","Georgia Institute of Technology-Main Campus","2022","All students, Undergraduate, Other degree/certificatee-seeking, Continuing","12708","7647","5061","7","5","2","3562","2153","1409","985","539","446","1009","601","408","4","2","2","5081","3067","2014","548","322","226","119","79","40","1393","879","514",,,,,"-2"
"139755","Georgia Institute of Technology-Main Campus","2022","Full-time students total","23912","14924","8988","16","8","8","5763","3545","2218","1584","859","725","1645","999","646","9","7","2","7960","4957","3003","900","543","357","198","126","72","5837","3880","1957",,,,,"-2"
"139755","Georgia Institute of Technology-Main Campus","2022","Full-time students, Undergraduate total","16207","9757","6450","10","7","3","4815","2894","1921","1281","695","586","1315","790","525","5","3","2","6128","3711","2417","712","423","289","152","97","55","1789","1137","652",,,,,"-2"
"139755","Georgia Institute of Technology-Main Campus","2022","Full-time students, Undergraduate, Degree/certificate-seeking total","16110","9684","6426","10","7","3","4805","2886","1919","1281","695","586","1314","790","524","5","3","2","6123","3706","2417","710","423","287","152","97","55","1710","1077","633",,,,,"-2"
"139755","Georgia Institute of Technology-Main Campus","2022","Full-time students, Undergraduate, Degree/certificate-seeking, First-time","3630","2100","1530","0","0","0","1223","698","525","321","162","159","337","205","132","0","0","0","1265","753","512","160","86","74","39","23","16","285","173","112",,,,,"-2"
"139755","Georgia Institute of Technology-Main Campus","2022","Full-time students, Undergraduate, Degree/certificate-seeking, Other degree/certificate-seeking","12480","7584","4896","10","7","3","3582","2188","1394","960","533","427","977","585","392","5","3","2","4858","2953","1905","550","337","213","113","74","39","1425","904","521",,,,,"-2"
"139755","Georgia Institute of Technology-Main Campus","2022","Full-time students, Undergraduate, Non-degree/certificate-seeking","97","73","24","0","0","0","10","8","2","0","0","0","1","0","1","0","0","0","5","5","0","2","0","2","0","0","0","79","60","19",,,,,"-2"
"139755","Georgia Institute of Technology-Main Campus","2022","Full-time students, Graduate","7705","5167","2538","6","1","5","948","651","297","303","164","139","330","209","121","4","4","0","1832","1246","586","188","120","68","46","29","17","4048","2743","1305",,,,,"-2"
"139755","Georgia Institute of Technology-Main Campus","2022","Full-time students, Undergraduate, Other degree/certificatee-seeking, Transfer-ins","979","670","309","3","2","1","398","253","145","56","37","19","70","50","20","1","1","0","304","222","82","56","44","12","4","3","1","87","58","29",,,,,"-2"
"139755","Georgia Institute of Technology-Main Campus","2022","Full-time students, Undergraduate, Other degree/certificatee-seeking, Continuing","11501","6914","4587","7","5","2","3184","1935","1249","904","496","408","907","535","372","4","2","2","4554","2731","1823","494","293","201","109","71","38","1338","846","492",,,,,"-2"
"139755","Georgia Institute of Technology-Main Campus","2022","Part-time students total","21384","15780","5604","11","7","4","4900","3367","1533","750","522","228","1277","1013","264","16","16","0","6964","5592","1372","539","403","136","369","299","70","6558","4561","1997",,,,,"-2"
"139755","Georgia Institute of Technology-Main Campus","2022","Part-time students, Undergraduate total","2208","1421","787","0","0","0","951","606","345","137","78","59","141","90","51","0","0","0","764","517","247","102","59","43","32","20","12","81","51","30",,,,,"-2"
"139755","Georgia Institute of Technology-Main Campus","2022","Part-time students, Undergraduate, Degree/certificate-seeking total","1269","775","494","0","0","0","397","228","169","87","49","38","110","70","40","0","0","0","546","350","196","63","36","27","10","8","2","56","34","22",,,,,"-2"
"139755","Georgia Institute of Technology-Main Campus","2022","Part-time students, Undergraduate, Degree/certificate-seeking, First-time","17","11","6","0","0","0","5","3","2","1","1","0","2","1","1","0","0","0","5","3","2","3","2","1","0","0","0","1","1","0",,,,,"-2"
"139755","Georgia Institute of Technology-Main Campus","2022","Part-time students, Undergraduate, Degree/certificate-seeking, Other degree/certificate-seeking","1252","764","488","0","0","0","392","225","167","86","48","38","108","69","39","0","0","0","541","347","194","60","34","26","10","8","2","55","33","22",,,,,"-2"
"139755","Georgia Institute of Technology-Main Campus","2022","Part-time students, Undergraduate, Non-degree/certificate-seeking","939","646","293","0","0","0","554","378","176","50","29","21","31","20","11","0","0","0","218","167","51","39","23","16","22","12","10","25","17","8",,,,,"-2"
"139755","Georgia Institute of Technology-Main Campus","2022","Part-time students, Graduate","19176","14359","4817","11","7","4","3949","2761","1188","613","444","169","1136","923","213","16","16","0","6200","5075","1125","437","344","93","337","279","58","6477","4510","1967",,,,,"-2"
"139755","Georgia Institute of Technology-Main Campus","2022","Part-time students, Undergraduate, Other degree/certificatee-seeking, Transfer-ins","45","31","14","0","0","0","14","7","7","5","5","0","6","3","3","0","0","0","14","11","3","6","5","1","0","0","0","0","0","0",,,,,"-2"
"139755","Georgia Institute of Technology-Main Campus","2022","Part-time students, Undergraduate, Other degree/certificatee-seeking, Continuing","1207","733","474","0","0","0","378","218","160","81","43","38","102","66","36","0","0","0","527","336","191","54","29","25","10","8","2","55","33","22",,,,,"-2"
"139959","University of Georgia","2022","All students total","40607","16641","23966","39","18","21","4206","1842","2364","3072","986","2086","2704","1062","1642","18","11","7","26416","10854","15562","1621","619","1002","478","220","258","2053","1029","1024","75",,"75","40532","-2"
"139959","University of Georgia","2022","All students, Undergraduate total","30714","12883","17831","19","10","9","3711","1678","2033","1910","674","1236","2244","914","1330","17","10","7","20793","8732","12061","1286","521","765","367","175","192","367","169","198","34",,"34","30680","-2"
"139959","University of Georgia","2022","All students, Undergraduate, Degree/certificate-seeking total","30566","12819","17747","19","10","9","3701","1673","2028","1906","673","1233","2238","912","1326","17","10","7","20718","8702","12016","1284","521","763","367","175","192","316","143","173",,,,,"-2"
"139959","University of Georgia","2022","All students, Undergraduate, Degree/certificate-seeking, First-time","6273","2362","3911","3","2","1","893","390","503","341","94","247","426","140","286","4","2","2","4211","1557","2654","254","110","144","88","48","40","53","19","34",,,,,"-2"
"139959","University of Georgia","2022","All students, Undergraduate, Other degree/certificate-seeking","24293","10457","13836","16","8","8","2808","1283","1525","1565","579","986","1812","772","1040","13","8","5","16507","7145","9362","1030","411","619","279","127","152","263","124","139",,,,,"-2"
"139959","University of Georgia","2022","All students, Undergraduate, Non-degree/certificate-seeking","148","64","84","0","0","0","10","5","5","4","1","3","6","2","4","0","0","0","75","30","45","2","0","2","0","0","0","51","26","25",,,,,"-2"
"139959","University of Georgia","2022","All students, Graduate","9893","3758","6135","20","8","12","495","164","331","1162","312","850","460","148","312","1","1","0","5623","2122","3501","335","98","237","111","45","66","1686","860","826","41",,"41","9852","-2"
"139959","University of Georgia","2022","All students, Undergraduate, Other degree/certificatee-seeking, Transfer-ins","1807","948","859","1","1","0","177","92","85","112","56","56","176","95","81","0","0","0","1214","636","578","87","44","43","13","6","7","27","18","9",,,,,"-2"
"139959","University of Georgia","2022","All students, Undergraduate, Other degree/certificatee-seeking, Continuing","22486","9509","12977","15","7","8","2631","1191","1440","1453","523","930","1636","677","959","13","8","5","15293","6509","8784","943","367","576","266","121","145","236","106","130",,,,,"-2"
"139959","University of Georgia","2022","Full-time students total","36330","14936","21394","29","14","15","3842","1682","2160","2483","824","1659","2422","953","1469","17","10","7","23677","9700","13977","1478","568","910","432","200","232","1950","985","965",,,,,"-2"
"139959","University of Georgia","2022","Full-time students, Undergraduate total","28823","11967","16856","16","7","9","3454","1552","1902","1797","635","1162","2080","838","1242","16","9","7","19545","8104","11441","1206","486","720","356","172","184","353","164","189",,,,,"-2"
"139959","University of Georgia","2022","Full-time students, Undergraduate, Degree/certificate-seeking total","28758","11938","16820","16","7","9","3454","1552","1902","1797","635","1162","2078","837","1241","16","9","7","19534","8102","11432","1205","486","719","356","172","184","302","138","164",,,,,"-2"
"139959","University of Georgia","2022","Full-time students, Undergraduate, Degree/certificate-seeking, First-time","6250","2355","3895","3","2","1","889","390","499","340","94","246","425","140","285","4","2","2","4196","1551","2645","254","110","144","88","48","40","51","18","33",,,,,"-2"
"139959","University of Georgia","2022","Full-time students, Undergraduate, Degree/certificate-seeking, Other degree/certificate-seeking","22508","9583","12925","13","5","8","2565","1162","1403","1457","541","916","1653","697","956","12","7","5","15338","6551","8787","951","376","575","268","124","144","251","120","131",,,,,"-2"
"139959","University of Georgia","2022","Full-time students, Undergraduate, Non-degree/certificate-seeking","65","29","36","0","0","0","0","0","0","0","0","0","2","1","1","0","0","0","11","2","9","1","0","1","0","0","0","51","26","25",,,,,"-2"
"139959","University of Georgia","2022","Full-time students, Graduate","7507","2969","4538","13","7","6","388","130","258","686","189","497","342","115","227","1","1","0","4132","1596","2536","272","82","190","76","28","48","1597","821","776",,,,,"-2"
"139959","University of Georgia","2022","Full-time students, Undergraduate, Other degree/certificatee-seeking, Transfer-ins","1677","888","789","0","0","0","163","87","76","105","53","52","161","90","71","0","0","0","1126","593","533","82","41","41","13","6","7","27","18","9",,,,,"-2"
"139959","University of Georgia","2022","Full-time students, Undergraduate, Other degree/certificatee-seeking, Continuing","20831","8695","12136","13","5","8","2402","1075","1327","1352","488","864","1492","607","885","12","7","5","14212","5958","8254","869","335","534","255","118","137","224","102","122",,,,,"-2"
"139959","University of Georgia","2022","Part-time students total","4277","1705","2572","10","4","6","364","160","204","589","162","427","282","109","173","1","1","0","2739","1154","1585","143","51","92","46","20","26","103","44","59",,,,,"-2"
"139959","University of Georgia","2022","Part-time students, Undergraduate total","1891","916","975","3","3","0","257","126","131","113","39","74","164","76","88","1","1","0","1248","628","620","80","35","45","11","3","8","14","5","9",,,,,"-2"
"139959","University of Georgia","2022","Part-time students, Undergraduate, Degree/certificate-seeking total","1808","881","927","3","3","0","247","121","126","109","38","71","160","75","85","1","1","0","1184","600","584","79","35","44","11","3","8","14","5","9",,,,,"-2"
"139959","University of Georgia","2022","Part-time students, Undergraduate, Degree/certificate-seeking, First-time","23","7","16","0","0","0","4","0","4","1","0","1","1","0","1","0","0","0","15","6","9","0","0","0","0","0","0","2","1","1",,,,,"-2"
"139959","University of Georgia","2022","Part-time students, Undergraduate, Degree/certificate-seeking, Other degree/certificate-seeking","1785","874","911","3","3","0","243","121","122","108","38","70","159","75","84","1","1","0","1169","594","575","79","35","44","11","3","8","12","4","8",,,,,"-2"
"139959","University of Georgia","2022","Part-time students, Undergraduate, Non-degree/certificate-seeking","83","35","48","0","0","0","10","5","5","4","1","3","4","1","3","0","0","0","64","28","36","1","0","1","0","0","0","0","0","0",,,,,"-2"
"139959","University of Georgia","2022","Part-time students, Graduate","2386","789","1597","7","1","6","107","34","73","476","123","353","118","33","85","0","0","0","1491","526","965","63","16","47","35","17","18","89","39","50",,,,,"-2"
"139959","University of Georgia","2022","Part-time students, Undergraduate, Other degree/certificatee-seeking, Transfer-ins","130","60","70","1","1","0","14","5","9","7","3","4","15","5","10","0","0","0","88","43","45","5","3","2","0","0","0","0","0","0",,,,,"-2"
"139959","University of Georgia","2022","Part-time students, Undergraduate, Other degree/certificatee-seeking, Continuing","1655","814","841","2","2","0","229","116","113","101","35","66","144","70","74","1","1","0","1081","551","530","74","32","42","11","3","8","12","4","8",,,,,"-2"
"141334","University of West Georgia","2022","All students total","11893","3825","8068","19","8","11","142","44","98","3616","1166","2450","887","258","629","10","3","7","6370","2034","4336","474","158","316","220","78","142","155","76","79","0","0","0","11893","-2"
"141334","University of West Georgia","2022","All students, Undergraduate total","8666","3074","5592","14","6","8","113","36","77","2724","952","1772","762","233","529","8","3","5","4423","1602","2821","394","140","254","140","62","78","88","40","48","0","0","0","8666","-2"
"141334","University of West Georgia","2022","All students, Undergraduate, Degree/certificate-seeking total","7939","2821","5118","13","6","7","86","24","62","2635","931","1704","714","217","497","8","3","5","3937","1434","2503","364","130","234","107","45","62","75","31","44",,,,,"-2"
"141334","University of West Georgia","2022","All students, Undergraduate, Degree/certificate-seeking, First-time","1423","527","896","2","0","2","25","7","18","357","140","217","143","41","102","2","1","1","798","304","494","74","25","49","13","7","6","9","2","7",,,,,"-2"
"141334","University of West Georgia","2022","All students, Undergraduate, Other degree/certificate-seeking","6516","2294","4222","11","6","5","61","17","44","2278","791","1487","571","176","395","6","2","4","3139","1130","2009","290","105","185","94","38","56","66","29","37",,,,,"-2"
"141334","University of West Georgia","2022","All students, Undergraduate, Non-degree/certificate-seeking","727","253","474","1","0","1","27","12","15","89","21","68","48","16","32","0","0","0","486","168","318","30","10","20","33","17","16","13","9","4",,,,,"-2"
"141334","University of West Georgia","2022","All students, Graduate","3227","751","2476","5","2","3","29","8","21","892","214","678","125","25","100","2","0","2","1947","432","1515","80","18","62","80","16","64","67","36","31","0","0","0","3227","-2"
"141334","University of West Georgia","2022","All students, Undergraduate, Other degree/certificatee-seeking, Transfer-ins","596","208","388","0","0","0","5","0","5","189","62","127","50","14","36","0","0","0","304","117","187","32","10","22","12","5","7","4","0","4",,,,,"-2"
"141334","University of West Georgia","2022","All students, Undergraduate, Other degree/certificatee-seeking, Continuing","5920","2086","3834","11","6","5","56","17","39","2089","729","1360","521","162","359","6","2","4","2835","1013","1822","258","95","163","82","33","49","62","29","33",,,,,"-2"
"141334","University of West Georgia","2022","Full-time students total","6892","2452","4440","11","6","5","78","22","56","2286","834","1452","594","172","422","8","3","5","3403","1218","2185","312","109","203","93","39","54","107","49","58",,,,,"-2"
"141334","University of West Georgia","2022","Full-time students, Undergraduate total","6280","2275","4005","10","5","5","72","20","52","2108","775","1333","562","166","396","7","3","4","3070","1132","1938","293","103","190","86","37","49","72","34","38",,,,,"-2"
"141334","University of West Georgia","2022","Full-time students, Undergraduate, Degree/certificate-seeking total","6226","2244","3982","10","5","5","70","19","51","2097","768","1329","558","163","395","7","3","4","3053","1125","1928","289","102","187","80","33","47","62","26","36",,,,,"-2"
"141334","University of West Georgia","2022","Full-time students, Undergraduate, Degree/certificate-seeking, First-time","1352","506","846","2","0","2","24","7","17","342","136","206","138","39","99","2","1","1","753","290","463","70","24","46","13","7","6","8","2","6",,,,,"-2"
"141334","University of West Georgia","2022","Full-time students, Undergraduate, Degree/certificate-seeking, Other degree/certificate-seeking","4874","1738","3136","8","5","3","46","12","34","1755","632","1123","420","124","296","5","2","3","2300","835","1465","219","78","141","67","26","41","54","24","30",,,,,"-2"
"141334","University of West Georgia","2022","Full-time students, Undergraduate, Non-degree/certificate-seeking","54","31","23","0","0","0","2","1","1","11","7","4","4","3","1","0","0","0","17","7","10","4","1","3","6","4","2","10","8","2",,,,,"-2"
"141334","University of West Georgia","2022","Full-time students, Graduate","612","177","435","1","1","0","6","2","4","178","59","119","32","6","26","1","0","1","333","86","247","19","6","13","7","2","5","35","15","20",,,,,"-2"
"141334","University of West Georgia","2022","Full-time students, Undergraduate, Other degree/certificatee-seeking, Transfer-ins","444","163","281","0","0","0","3","0","3","148","56","92","35","9","26","0","0","0","222","88","134","24","8","16","8","2","6","4","0","4",,,,,"-2"
"141334","University of West Georgia","2022","Full-time students, Undergraduate, Other degree/certificatee-seeking, Continuing","4430","1575","2855","8","5","3","43","12","31","1607","576","1031","385","115","270","5","2","3","2078","747","1331","195","70","125","59","24","35","50","24","26",,,,,"-2"
"141334","University of West Georgia","2022","Part-time students total","5001","1373","3628","8","2","6","64","22","42","1330","332","998","293","86","207","2","0","2","2967","816","2151","162","49","113","127","39","88","48","27","21",,,,,"-2"
"141334","University of West Georgia","2022","Part-time students, Undergraduate total","2386","799","1587","4","1","3","41","16","25","616","177","439","200","67","133","1","0","1","1353","470","883","101","37","64","54","25","29","16","6","10",,,,,"-2"
"141334","University of West Georgia","2022","Part-time students, Undergraduate, Degree/certificate-seeking total","1713","577","1136","3","1","2","16","5","11","538","163","375","156","54","102","1","0","1","884","309","575","75","28","47","27","12","15","13","5","8",,,,,"-2"
"141334","University of West Georgia","2022","Part-time students, Undergraduate, Degree/certificate-seeking, First-time","71","21","50","0","0","0","1","0","1","15","4","11","5","2","3","0","0","0","45","14","31","4","1","3","0","0","0","1","0","1",,,,,"-2"
"141334","University of West Georgia","2022","Part-time students, Undergraduate, Degree/certificate-seeking, Other degree/certificate-seeking","1642","556","1086","3","1","2","15","5","10","523","159","364","151","52","99","1","0","1","839","295","544","71","27","44","27","12","15","12","5","7",,,,,"-2"
"141334","University of West Georgia","2022","Part-time students, Undergraduate, Non-degree/certificate-seeking","673","222","451","1","0","1","25","11","14","78","14","64","44","13","31","0","0","0","469","161","308","26","9","17","27","13","14","3","1","2",,,,,"-2"
"141334","University of West Georgia","2022","Part-time students, Graduate","2615","574","2041","4","1","3","23","6","17","714","155","559","93","19","74","1","0","1","1614","346","1268","61","12","49","73","14","59","32","21","11",,,,,"-2"
"141334","University of West Georgia","2022","Part-time students, Undergraduate, Other degree/certificatee-seeking, Transfer-ins","152","45","107","0","0","0","2","0","2","41","6","35","15","5","10","0","0","0","82","29","53","8","2","6","4","3","1","0","0","0",,,,,"-2"
"141334","University of West Georgia","2022","Part-time students, Undergraduate, Other degree/certificatee-seeking, Continuing","1490","511","979","3","1","2","13","5","8","482","153","329","136","47","89","1","0","1","757","266","491","63","25","38","23","9","14","12","5","7",,,,,"-2"
"142276","Idaho State University","2022","All students total","12301","4921","7380","150","50","100","190","74","116","160","88","72","1553","539","1014","34","24","10","8858","3530","5328","408","155","253","693","321","372","255","140","115","0",,"0","12301","-2"
"142276","Idaho State University","2022","All students, Undergraduate total","10017","4061","5956","131","46","85","143","56","87","127","74","53","1318","466","852","34","24","10","7223","2933","4290","342","129","213","561","254","307","138","79","59","0",,"0","10017","-2"
"142276","Idaho State University","2022","All students, Undergraduate, Degree/certificate-seeking total","6830","2737","4093","112","41","71","83","27","56","104","64","40","1019","361","658","32","22","10","4932","1960","2972","230","90","140","180","93","87","138","79","59",,,,,"-2"
"142276","Idaho State University","2022","All students, Undergraduate, Degree/certificate-seeking, First-time","1398","578","820","21","12","9","15","5","10","18","7","11","225","83","142","8","6","2","979","400","579","46","23","23","50","24","26","36","18","18",,,,,"-2"
"142276","Idaho State University","2022","All students, Undergraduate, Other degree/certificate-seeking","5432","2159","3273","91","29","62","68","22","46","86","57","29","794","278","516","24","16","8","3953","1560","2393","184","67","117","130","69","61","102","61","41",,,,,"-2"
"142276","Idaho State University","2022","All students, Undergraduate, Non-degree/certificate-seeking","3187","1324","1863","19","5","14","60","29","31","23","10","13","299","105","194","2","2","0","2291","973","1318","112","39","73","381","161","220","0","0","0",,,,,"-2"
"142276","Idaho State University","2022","All students, Graduate","2284","860","1424","19","4","15","47","18","29","33","14","19","235","73","162","0","0","0","1635","597","1038","66","26","40","132","67","65","117","61","56","0",,"0","2284","-2"
"142276","Idaho State University","2022","All students, Undergraduate, Other degree/certificatee-seeking, Transfer-ins","555","212","343","5","2","3","4","3","1","11","8","3","69","28","41","4","4","0","405","148","257","27","5","22","25","12","13","5","2","3",,,,,"-2"
"142276","Idaho State University","2022","All students, Undergraduate, Other degree/certificatee-seeking, Continuing","4877","1947","2930","86","27","59","64","19","45","75","49","26","725","250","475","20","12","8","3548","1412","2136","157","62","95","105","57","48","97","59","38",,,,,"-2"
"142276","Idaho State University","2022","Full-time students total","6858","2730","4128","87","32","55","99","36","63","102","59","43","927","319","608","25","16","9","4910","1923","2987","224","91","133","250","132","118","234","122","112",,,,,"-2"
"142276","Idaho State University","2022","Full-time students, Undergraduate total","5387","2154","3233","77","30","47","64","22","42","81","50","31","807","279","528","25","16","9","3886","1543","2343","177","71","106","142","71","71","128","72","56",,,,,"-2"
"142276","Idaho State University","2022","Full-time students, Undergraduate, Degree/certificate-seeking total","5333","2125","3208","77","30","47","63","22","41","81","50","31","801","277","524","25","16","9","3846","1518","2328","174","70","104","138","70","68","128","72","56",,,,,"-2"
"142276","Idaho State University","2022","Full-time students, Undergraduate, Degree/certificate-seeking, First-time","1288","532","756","16","11","5","14","5","9","15","5","10","207","75","132","7","5","2","907","373","534","41","20","21","46","20","26","35","18","17",,,,,"-2"
"142276","Idaho State University","2022","Full-time students, Undergraduate, Degree/certificate-seeking, Other degree/certificate-seeking","4045","1593","2452","61","19","42","49","17","32","66","45","21","594","202","392","18","11","7","2939","1145","1794","133","50","83","92","50","42","93","54","39",,,,,"-2"
"142276","Idaho State University","2022","Full-time students, Undergraduate, Non-degree/certificate-seeking","54","29","25","0","0","0","1","0","1","0","0","0","6","2","4","0","0","0","40","25","15","3","1","2","4","1","3","0","0","0",,,,,"-2"
"142276","Idaho State University","2022","Full-time students, Graduate","1471","576","895","10","2","8","35","14","21","21","9","12","120","40","80","0","0","0","1024","380","644","47","20","27","108","61","47","106","50","56",,,,,"-2"
"142276","Idaho State University","2022","Full-time students, Undergraduate, Other degree/certificatee-seeking, Transfer-ins","403","155","248","4","2","2","3","3","0","10","7","3","50","21","29","2","2","0","292","105","187","17","3","14","20","10","10","5","2","3",,,,,"-2"
"142276","Idaho State University","2022","Full-time students, Undergraduate, Other degree/certificatee-seeking, Continuing","3642","1438","2204","57","17","40","46","14","32","56","38","18","544","181","363","16","9","7","2647","1040","1607","116","47","69","72","40","32","88","52","36",,,,,"-2"
"142276","Idaho State University","2022","Part-time students total","5443","2191","3252","63","18","45","91","38","53","58","29","29","626","220","406","9","8","1","3948","1607","2341","184","64","120","443","189","254","21","18","3",,,,,"-2"
"142276","Idaho State University","2022","Part-time students, Undergraduate total","4630","1907","2723","54","16","38","79","34","45","46","24","22","511","187","324","9","8","1","3337","1390","1947","165","58","107","419","183","236","10","7","3",,,,,"-2"
"142276","Idaho State University","2022","Part-time students, Undergraduate, Degree/certificate-seeking total","1497","612","885","35","11","24","20","5","15","23","14","9","218","84","134","7","6","1","1086","442","644","56","20","36","42","23","19","10","7","3",,,,,"-2"
"142276","Idaho State University","2022","Part-time students, Undergraduate, Degree/certificate-seeking, First-time","110","46","64","5","1","4","1","0","1","3","2","1","18","8","10","1","1","0","72","27","45","5","3","2","4","4","0","1","0","1",,,,,"-2"
"142276","Idaho State University","2022","Part-time students, Undergraduate, Degree/certificate-seeking, Other degree/certificate-seeking","1387","566","821","30","10","20","19","5","14","20","12","8","200","76","124","6","5","1","1014","415","599","51","17","34","38","19","19","9","7","2",,,,,"-2"
"142276","Idaho State University","2022","Part-time students, Undergraduate, Non-degree/certificate-seeking","3133","1295","1838","19","5","14","59","29","30","23","10","13","293","103","190","2","2","0","2251","948","1303","109","38","71","377","160","217","0","0","0",,,,,"-2"
"142276","Idaho State University","2022","Part-time students, Graduate","813","284","529","9","2","7","12","4","8","12","5","7","115","33","82","0","0","0","611","217","394","19","6","13","24","6","18","11","11","0",,,,,"-2"
"142276","Idaho State University","2022","Part-time students, Undergraduate, Other degree/certificatee-seeking, Transfer-ins","152","57","95","1","0","1","1","0","1","1","1","0","19","7","12","2","2","0","113","43","70","10","2","8","5","2","3","0","0","0",,,,,"-2"
"142276","Idaho State University","2022","Part-time students, Undergraduate, Other degree/certificatee-seeking, Continuing","1235","509","726","29","10","19","18","5","13","19","11","8","181","69","112","4","3","1","901","372","529","41","15","26","33","17","16","9","7","2",,,,,"-2"
"145600","University of Illinois Chicago","2022","All students total","33747","14969","18778","23","10","13","6093","2858","3235","2750","894","1856","9473","3849","5624","7","4","3","9531","4209","5322","962","416","546","645","281","364","4263","2448","1815","89",,"89","33658","-2"
"145600","University of Illinois Chicago","2022","All students, Undergraduate total","21807","10226","11581","9","4","5","4545","2313","2232","1643","604","1039","7853","3319","4534","5","4","1","5047","2498","2549","639","303","336","424","193","231","1642","988","654","48",,"48","21759","-2"
"145600","University of Illinois Chicago","2022","All students, Undergraduate, Degree/certificate-seeking total","21567","10083","11484","9","4","5","4542","2310","2232","1637","601","1036","7833","3310","4523","5","4","1","5037","2495","2542","638","302","336","370","171","199","1496","886","610",,,,,"-2"
"145600","University of Illinois Chicago","2022","All students, Undergraduate, Degree/certificate-seeking, First-time","4244","1924","2320","4","4","0","906","472","434","351","125","226","1772","729","1043","1","1","0","741","347","394","115","55","60","72","25","47","282","166","116",,,,,"-2"
"145600","University of Illinois Chicago","2022","All students, Undergraduate, Other degree/certificate-seeking","17323","8159","9164","5","0","5","3636","1838","1798","1286","476","810","6061","2581","3480","4","3","1","4296","2148","2148","523","247","276","298","146","152","1214","720","494",,,,,"-2"
"145600","University of Illinois Chicago","2022","All students, Undergraduate, Non-degree/certificate-seeking","240","143","97","0","0","0","3","3","0","6","3","3","20","9","11","0","0","0","10","3","7","1","1","0","54","22","32","146","102","44",,,,,"-2"
"145600","University of Illinois Chicago","2022","All students, Graduate","11940","4743","7197","14","6","8","1548","545","1003","1107","290","817","1620","530","1090","2","0","2","4484","1711","2773","323","113","210","221","88","133","2621","1460","1161","41",,"41","11899","-2"
"145600","University of Illinois Chicago","2022","All students, Undergraduate, Other degree/certificatee-seeking, Transfer-ins","2110","964","1146","0","0","0","321","170","151","182","65","117","690","302","388","2","1","1","679","320","359","88","35","53","71","30","41","77","41","36",,,,,"-2"
"145600","University of Illinois Chicago","2022","All students, Undergraduate, Other degree/certificatee-seeking, Continuing","15213","7195","8018","5","0","5","3315","1668","1647","1104","411","693","5371","2279","3092","2","2","0","3617","1828","1789","435","212","223","227","116","111","1137","679","458",,,,,"-2"
"145600","University of Illinois Chicago","2022","Full-time students total","28060","12652","15408","21","9","12","5335","2526","2809","2091","706","1385","8132","3298","4834","6","4","2","7466","3389","4077","818","358","460","403","191","212","3788","2171","1617",,,,,"-2"
"145600","University of Illinois Chicago","2022","Full-time students, Undergraduate total","19728","9222","10506","9","4","5","4224","2139","2085","1460","526","934","7089","2953","4136","4","4","0","4494","2237","2257","576","275","301","291","134","157","1581","950","631",,,,,"-2"
"145600","University of Illinois Chicago","2022","Full-time students, Undergraduate, Degree/certificate-seeking total","19565","9110","10455","9","4","5","4224","2139","2085","1456","523","933","7075","2946","4129","4","4","0","4493","2236","2257","575","274","301","291","134","157","1438","850","588",,,,,"-2"
"145600","University of Illinois Chicago","2022","Full-time students, Undergraduate, Degree/certificate-seeking, First-time","4179","1887","2292","4","4","0","900","466","434","339","122","217","1736","709","1027","1","1","0","735","342","393","114","55","59","69","23","46","281","165","116",,,,,"-2"
"145600","University of Illinois Chicago","2022","Full-time students, Undergraduate, Degree/certificate-seeking, Other degree/certificate-seeking","15386","7223","8163","5","0","5","3324","1673","1651","1117","401","716","5339","2237","3102","3","3","0","3758","1894","1864","461","219","242","222","111","111","1157","685","472",,,,,"-2"
"145600","University of Illinois Chicago","2022","Full-time students, Undergraduate, Non-degree/certificate-seeking","163","112","51","0","0","0","0","0","0","4","3","1","14","7","7","0","0","0","1","1","0","1","1","0","0","0","0","143","100","43",,,,,"-2"
"145600","University of Illinois Chicago","2022","Full-time students, Graduate","8332","3430","4902","12","5","7","1111","387","724","631","180","451","1043","345","698","2","0","2","2972","1152","1820","242","83","159","112","57","55","2207","1221","986",,,,,"-2"
"145600","University of Illinois Chicago","2022","Full-time students, Undergraduate, Other degree/certificatee-seeking, Transfer-ins","1784","830","954","0","0","0","284","153","131","143","50","93","581","257","324","1","1","0","586","279","307","77","33","44","42","20","22","70","37","33",,,,,"-2"
"145600","University of Illinois Chicago","2022","Full-time students, Undergraduate, Other degree/certificatee-seeking, Continuing","13602","6393","7209","5","0","5","3040","1520","1520","974","351","623","4758","1980","2778","2","2","0","3172","1615","1557","384","186","198","180","91","89","1087","648","439",,,,,"-2"
"145600","University of Illinois Chicago","2022","Part-time students total","5687","2317","3370","2","1","1","758","332","426","659","188","471","1341","551","790","1","0","1","2065","820","1245","144","58","86","242","90","152","475","277","198",,,,,"-2"
"145600","University of Illinois Chicago","2022","Part-time students, Undergraduate total","2079","1004","1075","0","0","0","321","174","147","183","78","105","764","366","398","1","0","1","553","261","292","63","28","35","133","59","74","61","38","23",,,,,"-2"
"145600","University of Illinois Chicago","2022","Part-time students, Undergraduate, Degree/certificate-seeking total","2002","973","1029","0","0","0","318","171","147","181","78","103","758","364","394","1","0","1","544","259","285","63","28","35","79","37","42","58","36","22",,,,,"-2"
"145600","University of Illinois Chicago","2022","Part-time students, Undergraduate, Degree/certificate-seeking, First-time","65","37","28","0","0","0","6","6","0","12","3","9","36","20","16","0","0","0","6","5","1","1","0","1","3","2","1","1","1","0",,,,,"-2"
"145600","University of Illinois Chicago","2022","Part-time students, Undergraduate, Degree/certificate-seeking, Other degree/certificate-seeking","1937","936","1001","0","0","0","312","165","147","169","75","94","722","344","378","1","0","1","538","254","284","62","28","34","76","35","41","57","35","22",,,,,"-2"
"145600","University of Illinois Chicago","2022","Part-time students, Undergraduate, Non-degree/certificate-seeking","77","31","46","0","0","0","3","3","0","2","0","2","6","2","4","0","0","0","9","2","7","0","0","0","54","22","32","3","2","1",,,,,"-2"
"145600","University of Illinois Chicago","2022","Part-time students, Graduate","3608","1313","2295","2","1","1","437","158","279","476","110","366","577","185","392","0","0","0","1512","559","953","81","30","51","109","31","78","414","239","175",,,,,"-2"
"145600","University of Illinois Chicago","2022","Part-time students, Undergraduate, Other degree/certificatee-seeking, Transfer-ins","326","134","192","0","0","0","37","17","20","39","15","24","109","45","64","1","0","1","93","41","52","11","2","9","29","10","19","7","4","3",,,,,"-2"
"145600","University of Illinois Chicago","2022","Part-time students, Undergraduate, Other degree/certificatee-seeking, Continuing","1611","802","809","0","0","0","275","148","127","130","60","70","613","299","314","0","0","0","445","213","232","51","26","25","47","25","22","50","31","19",,,,,"-2"
"145725","Illinois Institute of Technology","2022","All students total","6943","4396","2547","3","2","1","663","397","266","265","143","122","797","497","300","6","4","2","1890","1179","711","166","95","71","177","110","67","2976","1969","1007","22",,"22","6921","-2"
"145725","Illinois Institute of Technology","2022","All students, Undergraduate total","3125","2117","1008","0","0","0","495","321","174","146","91","55","622","416","206","2","2","0","1057","749","308","117","72","45","103","67","36","583","399","184","5",,"5","3120","-2"
"145725","Illinois Institute of Technology","2022","All students, Undergraduate, Degree/certificate-seeking total","2877","1934","943","0","0","0","487","315","172","142","89","53","609","404","205","2","2","0","1044","737","307","116","71","45","56","41","15","421","275","146",,,,,"-2"
"145725","Illinois Institute of Technology","2022","All students, Undergraduate, Degree/certificate-seeking, First-time","620","399","221","0","0","0","104","63","41","36","21","15","185","119","66","1","1","0","183","124","59","32","22","10","11","10","1","68","39","29",,,,,"-2"
"145725","Illinois Institute of Technology","2022","All students, Undergraduate, Other degree/certificate-seeking","2257","1535","722","0","0","0","383","252","131","106","68","38","424","285","139","1","1","0","861","613","248","84","49","35","45","31","14","353","236","117",,,,,"-2"
"145725","Illinois Institute of Technology","2022","All students, Undergraduate, Non-degree/certificate-seeking","248","183","65","0","0","0","8","6","2","4","2","2","13","12","1","0","0","0","13","12","1","1","1","0","47","26","21","162","124","38",,,,,"-2"
"145725","Illinois Institute of Technology","2022","All students, Graduate","3818","2279","1539","3","2","1","168","76","92","119","52","67","175","81","94","4","2","2","833","430","403","49","23","26","74","43","31","2393","1570","823","17",,"17","3801","-2"
"145725","Illinois Institute of Technology","2022","All students, Undergraduate, Other degree/certificatee-seeking, Transfer-ins","123","74","49","0","0","0","24","8","16","7","3","4","33","22","11","0","0","0","34","26","8","1","1","0","1","0","1","23","14","9",,,,,"-2"
"145725","Illinois Institute of Technology","2022","All students, Undergraduate, Other degree/certificatee-seeking, Continuing","2134","1461","673","0","0","0","359","244","115","99","65","34","391","263","128","1","1","0","827","587","240","83","48","35","44","31","13","330","222","108",,,,,"-2"
"145725","Illinois Institute of Technology","2022","Full-time students total","5433","3334","2099","1","1","0","570","341","229","203","107","96","704","434","270","4","3","1","1529","934","595","152","86","66","85","52","33","2185","1376","809",,,,,"-2"
"145725","Illinois Institute of Technology","2022","Full-time students, Undergraduate total","2707","1793","914","0","0","0","465","296","169","129","80","49","577","378","199","2","2","0","952","659","293","113","69","44","46","32","14","423","277","146",,,,,"-2"
"145725","Illinois Institute of Technology","2022","Full-time students, Undergraduate, Degree/certificate-seeking total","2683","1779","904","0","0","0","463","295","168","129","80","49","577","378","199","2","2","0","952","659","293","113","69","44","45","32","13","402","264","138",,,,,"-2"
"145725","Illinois Institute of Technology","2022","Full-time students, Undergraduate, Degree/certificate-seeking, First-time","603","387","216","0","0","0","102","61","41","35","20","15","181","115","66","1","1","0","180","121","59","32","22","10","10","9","1","62","38","24",,,,,"-2"
"145725","Illinois Institute of Technology","2022","Full-time students, Undergraduate, Degree/certificate-seeking, Other degree/certificate-seeking","2080","1392","688","0","0","0","361","234","127","94","60","34","396","263","133","1","1","0","772","538","234","81","47","34","35","23","12","340","226","114",,,,,"-2"
"145725","Illinois Institute of Technology","2022","Full-time students, Undergraduate, Non-degree/certificate-seeking","24","14","10","0","0","0","2","1","1","0","0","0","0","0","0","0","0","0","0","0","0","0","0","0","1","0","1","21","13","8",,,,,"-2"
"145725","Illinois Institute of Technology","2022","Full-time students, Graduate","2726","1541","1185","1","1","0","105","45","60","74","27","47","127","56","71","2","1","1","577","275","302","39","17","22","39","20","19","1762","1099","663",,,,,"-2"
"145725","Illinois Institute of Technology","2022","Full-time students, Undergraduate, Other degree/certificatee-seeking, Transfer-ins","111","65","46","0","0","0","23","8","15","5","2","3","29","19","10","0","0","0","29","21","8","1","1","0","1","0","1","23","14","9",,,,,"-2"
"145725","Illinois Institute of Technology","2022","Full-time students, Undergraduate, Other degree/certificatee-seeking, Continuing","1969","1327","642","0","0","0","338","226","112","89","58","31","367","244","123","1","1","0","743","517","226","80","46","34","34","23","11","317","212","105",,,,,"-2"
"145725","Illinois Institute of Technology","2022","Part-time students total","1510","1062","448","2","1","1","93","56","37","62","36","26","93","63","30","2","1","1","361","245","116","14","9","5","92","58","34","791","593","198",,,,,"-2"
"145725","Illinois Institute of Technology","2022","Part-time students, Undergraduate total","418","324","94","0","0","0","30","25","5","17","11","6","45","38","7","0","0","0","105","90","15","4","3","1","57","35","22","160","122","38",,,,,"-2"
"145725","Illinois Institute of Technology","2022","Part-time students, Undergraduate, Degree/certificate-seeking total","194","155","39","0","0","0","24","20","4","13","9","4","32","26","6","0","0","0","92","78","14","3","2","1","11","9","2","19","11","8",,,,,"-2"
"145725","Illinois Institute of Technology","2022","Part-time students, Undergraduate, Degree/certificate-seeking, First-time","17","12","5","0","0","0","2","2","0","1","1","0","4","4","0","0","0","0","3","3","0","0","0","0","1","1","0","6","1","5",,,,,"-2"
"145725","Illinois Institute of Technology","2022","Part-time students, Undergraduate, Degree/certificate-seeking, Other degree/certificate-seeking","177","143","34","0","0","0","22","18","4","12","8","4","28","22","6","0","0","0","89","75","14","3","2","1","10","8","2","13","10","3",,,,,"-2"
"145725","Illinois Institute of Technology","2022","Part-time students, Undergraduate, Non-degree/certificate-seeking","224","169","55","0","0","0","6","5","1","4","2","2","13","12","1","0","0","0","13","12","1","1","1","0","46","26","20","141","111","30",,,,,"-2"
"145725","Illinois Institute of Technology","2022","Part-time students, Graduate","1092","738","354","2","1","1","63","31","32","45","25","20","48","25","23","2","1","1","256","155","101","10","6","4","35","23","12","631","471","160",,,,,"-2"
"145725","Illinois Institute of Technology","2022","Part-time students, Undergraduate, Other degree/certificatee-seeking, Transfer-ins","12","9","3","0","0","0","1","0","1","2","1","1","4","3","1","0","0","0","5","5","0","0","0","0","0","0","0","0","0","0",,,,,"-2"
"145725","Illinois Institute of Technology","2022","Part-time students, Undergraduate, Other degree/certificatee-seeking, Continuing","165","134","31","0","0","0","21","18","3","10","7","3","24","19","5","0","0","0","84","70","14","3","2","1","10","8","2","13","10","3",,,,,"-2"
"147767","Northwestern University","2022","All students total","23161","10711","12450","22","10","12","3697","1738","1959","1296","497","799","2330","1032","1298","17","9","8","8560","3997","4563","1059","443","616","1386","466","920","4794","2519","2275","455","38","493","22668","-2"
"147767","Northwestern University","2022","All students, Undergraduate total","8993","4126","4867","10","3","7","1859","886","973","596","224","372","1261","580","681","10","5","5","3343","1569","1774","629","266","363","373","154","219","912","439","473","92","1","93","8900","-2"
"147767","Northwestern University","2022","All students, Undergraduate, Degree/certificate-seeking total","8837","4087","4750","10","3","7","1844","880","964","592","224","368","1254","576","678","10","5","5","3296","1556","1740","627","265","362","300","140","160","904","438","466",,,,,"-2"
"147767","Northwestern University","2022","All students, Undergraduate, Degree/certificate-seeking, First-time","2038","923","1115","3","0","3","437","201","236","169","65","104","304","129","175","5","4","1","678","326","352","167","70","97","70","35","35","205","93","112",,,,,"-2"
"147767","Northwestern University","2022","All students, Undergraduate, Other degree/certificate-seeking","6799","3164","3635","7","3","4","1407","679","728","423","159","264","950","447","503","5","1","4","2618","1230","1388","460","195","265","230","105","125","699","345","354",,,,,"-2"
"147767","Northwestern University","2022","All students, Undergraduate, Non-degree/certificate-seeking","156","39","117","0","0","0","15","6","9","4","0","4","7","4","3","0","0","0","47","13","34","2","1","1","73","14","59","8","1","7",,,,,"-2"
"147767","Northwestern University","2022","All students, Graduate","14168","6585","7583","12","7","5","1838","852","986","700","273","427","1069","452","617","7","4","3","5217","2428","2789","430","177","253","1013","312","701","3882","2080","1802","363","37","400","13768","-2"
"147767","Northwestern University","2022","All students, Undergraduate, Other degree/certificatee-seeking, Transfer-ins","228","113","115","0","0","0","58","26","32","4","1","3","10","5","5","0","0","0","91","44","47","16","8","8","19","11","8","30","18","12",,,,,"-2"
"147767","Northwestern University","2022","All students, Undergraduate, Other degree/certificatee-seeking, Continuing","6571","3051","3520","7","3","4","1349","653","696","419","158","261","940","442","498","5","1","4","2527","1186","1341","444","187","257","211","94","117","669","327","342",,,,,"-2"
"147767","Northwestern University","2022","Full-time students total","19264","8896","10368","18","7","11","2996","1365","1631","1107","432","675","2081","930","1151","11","6","5","6694","3122","3572","946","403","543","989","332","657","4422","2299","2123",,,,,"-2"
"147767","Northwestern University","2022","Full-time students, Undergraduate total","8656","3990","4666","9","3","6","1799","856","943","571","216","355","1237","565","672","8","5","3","3179","1505","1674","617","264","353","337","143","194","899","433","466",,,,,"-2"
"147767","Northwestern University","2022","Full-time students, Undergraduate, Degree/certificate-seeking total","8588","3978","4610","9","3","6","1797","855","942","571","216","355","1236","564","672","8","5","3","3174","1503","1671","616","263","353","284","137","147","893","432","461",,,,,"-2"
"147767","Northwestern University","2022","Full-time students, Undergraduate, Degree/certificate-seeking, First-time","2038","923","1115","3","0","3","437","201","236","169","65","104","304","129","175","5","4","1","678","326","352","167","70","97","70","35","35","205","93","112",,,,,"-2"
"147767","Northwestern University","2022","Full-time students, Undergraduate, Degree/certificate-seeking, Other degree/certificate-seeking","6550","3055","3495","6","3","3","1360","654","706","402","151","251","932","435","497","3","1","2","2496","1177","1319","449","193","256","214","102","112","688","339","349",,,,,"-2"
"147767","Northwestern University","2022","Full-time students, Undergraduate, Non-degree/certificate-seeking","68","12","56","0","0","0","2","1","1","0","0","0","1","1","0","0","0","0","5","2","3","1","1","0","53","6","47","6","1","5",,,,,"-2"
"147767","Northwestern University","2022","Full-time students, Graduate","10608","4906","5702","9","4","5","1197","509","688","536","216","320","844","365","479","3","1","2","3515","1617","1898","329","139","190","652","189","463","3523","1866","1657",,,,,"-2"
"147767","Northwestern University","2022","Full-time students, Undergraduate, Other degree/certificatee-seeking, Transfer-ins","228","113","115","0","0","0","58","26","32","4","1","3","10","5","5","0","0","0","91","44","47","16","8","8","19","11","8","30","18","12",,,,,"-2"
"147767","Northwestern University","2022","Full-time students, Undergraduate, Other degree/certificatee-seeking, Continuing","6322","2942","3380","6","3","3","1302","628","674","398","150","248","922","430","492","3","1","2","2405","1133","1272","433","185","248","195","91","104","658","321","337",,,,,"-2"
"147767","Northwestern University","2022","Part-time students total","3897","1815","2082","4","3","1","701","373","328","189","65","124","249","102","147","6","3","3","1866","875","991","113","40","73","397","134","263","372","220","152",,,,,"-2"
"147767","Northwestern University","2022","Part-time students, Undergraduate total","337","136","201","1","0","1","60","30","30","25","8","17","24","15","9","2","0","2","164","64","100","12","2","10","36","11","25","13","6","7",,,,,"-2"
"147767","Northwestern University","2022","Part-time students, Undergraduate, Degree/certificate-seeking total","249","109","140","1","0","1","47","25","22","21","8","13","18","12","6","2","0","2","122","53","69","11","2","9","16","3","13","11","6","5",,,,,"-2"
"147767","Northwestern University","2022","Part-time students, Undergraduate, Degree/certificate-seeking, Other degree/certificate-seeking","249","109","140","1","0","1","47","25","22","21","8","13","18","12","6","2","0","2","122","53","69","11","2","9","16","3","13","11","6","5",,,,,"-2"
"147767","Northwestern University","2022","Part-time students, Undergraduate, Non-degree/certificate-seeking","88","27","61","0","0","0","13","5","8","4","0","4","6","3","3","0","0","0","42","11","31","1","0","1","20","8","12","2","0","2",,,,,"-2"
"147767","Northwestern University","2022","Part-time students, Graduate","3560","1679","1881","3","3","0","641","343","298","164","57","107","225","87","138","4","3","1","1702","811","891","101","38","63","361","123","238","359","214","145",,,,,"-2"
"147767","Northwestern University","2022","Part-time students, Undergraduate, Other degree/certificatee-seeking, Continuing","249","109","140","1","0","1","47","25","22","21","8","13","18","12","6","2","0","2","122","53","69","11","2","9","16","3","13","11","6","5",,,,,"-2"
"151351","Indiana University-Bloomington","2022","All students total","47005","24008","22997","26","14","12","3957","2074","1883","1951","840","1111","3560","1719","1841","11","7","4","29611","14916","14695","2140","1036","1104","335","205","130","5414","3197","2217","0",,"0","47005","-2"
"151351","Indiana University-Bloomington","2022","All students, Undergraduate total","35660","17953","17707","14","8","6","3250","1697","1553","1492","638","854","2923","1383","1540","7","4","3","24069","12030","12039","1833","888","945","182","120","62","1890","1185","705","0",,"0","35660","-2"
"151351","Indiana University-Bloomington","2022","All students, Undergraduate, Degree/certificate-seeking total","35401","17833","17568","14","8","6","3238","1691","1547","1476","626","850","2906","1374","1532","7","4","3","23961","11983","11978","1828","886","942","174","116","58","1797","1145","652",,,,,"-2"
"151351","Indiana University-Bloomington","2022","All students, Undergraduate, Degree/certificate-seeking, First-time","9736","4887","4849","3","1","2","1031","538","493","415","187","228","782","368","414","1","1","0","6425","3208","3217","498","225","273","57","36","21","524","323","201",,,,,"-2"
"151351","Indiana University-Bloomington","2022","All students, Undergraduate, Other degree/certificate-seeking","25665","12946","12719","11","7","4","2207","1153","1054","1061","439","622","2124","1006","1118","6","3","3","17536","8775","8761","1330","661","669","117","80","37","1273","822","451",,,,,"-2"
"151351","Indiana University-Bloomington","2022","All students, Undergraduate, Non-degree/certificate-seeking","259","120","139","0","0","0","12","6","6","16","12","4","17","9","8","0","0","0","108","47","61","5","2","3","8","4","4","93","40","53",,,,,"-2"
"151351","Indiana University-Bloomington","2022","All students, Graduate","11345","6055","5290","12","6","6","707","377","330","459","202","257","637","336","301","4","3","1","5542","2886","2656","307","148","159","153","85","68","3524","2012","1512","0",,"0","11345","-2"
"151351","Indiana University-Bloomington","2022","All students, Undergraduate, Other degree/certificatee-seeking, Transfer-ins","653","345","308","1","0","1","25","11","14","40","22","18","62","33","29","2","1","1","440","225","215","37","26","11","2","2","0","44","25","19",,,,,"-2"
"151351","Indiana University-Bloomington","2022","All students, Undergraduate, Other degree/certificatee-seeking, Continuing","25012","12601","12411","10","7","3","2182","1142","1040","1021","417","604","2062","973","1089","4","2","2","17096","8550","8546","1293","635","658","115","78","37","1229","797","432",,,,,"-2"
"151351","Indiana University-Bloomington","2022","Full-time students total","41923","21270","20653","19","9","10","3645","1912","1733","1727","735","992","3273","1555","1718","8","5","3","26746","13427","13319","1984","954","1030","257","156","101","4264","2517","1747",,,,,"-2"
"151351","Indiana University-Bloomington","2022","Full-time students, Undergraduate total","34665","17393","17272","12","6","6","3187","1661","1526","1449","613","836","2856","1344","1512","6","3","3","23382","11655","11727","1781","857","924","171","113","58","1821","1141","680",,,,,"-2"
"151351","Indiana University-Bloomington","2022","Full-time students, Undergraduate, Degree/certificate-seeking total","34537","17336","17201","12","6","6","3184","1660","1524","1436","602","834","2850","1341","1509","6","3","3","23355","11646","11709","1780","856","924","170","113","57","1744","1109","635",,,,,"-2"
"151351","Indiana University-Bloomington","2022","Full-time students, Undergraduate, Degree/certificate-seeking, First-time","9709","4875","4834","3","1","2","1027","536","491","413","186","227","780","367","413","1","1","0","6409","3201","3208","496","224","272","57","36","21","523","323","200",,,,,"-2"
"151351","Indiana University-Bloomington","2022","Full-time students, Undergraduate, Degree/certificate-seeking, Other degree/certificate-seeking","24828","12461","12367","9","5","4","2157","1124","1033","1023","416","607","2070","974","1096","5","2","3","16946","8445","8501","1284","632","652","113","77","36","1221","786","435",,,,,"-2"
"151351","Indiana University-Bloomington","2022","Full-time students, Undergraduate, Non-degree/certificate-seeking","128","57","71","0","0","0","3","1","2","13","11","2","6","3","3","0","0","0","27","9","18","1","1","0","1","0","1","77","32","45",,,,,"-2"
"151351","Indiana University-Bloomington","2022","Full-time students, Graduate","7258","3877","3381","7","3","4","458","251","207","278","122","156","417","211","206","2","2","0","3364","1772","1592","203","97","106","86","43","43","2443","1376","1067",,,,,"-2"
"151351","Indiana University-Bloomington","2022","Full-time students, Undergraduate, Other degree/certificatee-seeking, Transfer-ins","638","337","301","1","0","1","22","9","13","40","22","18","61","33","28","2","1","1","429","219","210","37","26","11","2","2","0","44","25","19",,,,,"-2"
"151351","Indiana University-Bloomington","2022","Full-time students, Undergraduate, Other degree/certificatee-seeking, Continuing","24190","12124","12066","8","5","3","2135","1115","1020","983","394","589","2009","941","1068","3","1","2","16517","8226","8291","1247","606","641","111","75","36","1177","761","416",,,,,"-2"
"151351","Indiana University-Bloomington","2022","Part-time students total","5082","2738","2344","7","5","2","312","162","150","224","105","119","287","164","123","3","2","1","2865","1489","1376","156","82","74","78","49","29","1150","680","470",,,,,"-2"
"151351","Indiana University-Bloomington","2022","Part-time students, Undergraduate total","995","560","435","2","2","0","63","36","27","43","25","18","67","39","28","1","1","0","687","375","312","52","31","21","11","7","4","69","44","25",,,,,"-2"
"151351","Indiana University-Bloomington","2022","Part-time students, Undergraduate, Degree/certificate-seeking total","864","497","367","2","2","0","54","31","23","40","24","16","56","33","23","1","1","0","606","337","269","48","30","18","4","3","1","53","36","17",,,,,"-2"
"151351","Indiana University-Bloomington","2022","Part-time students, Undergraduate, Degree/certificate-seeking, First-time","27","12","15","0","0","0","4","2","2","2","1","1","2","1","1","0","0","0","16","7","9","2","1","1","0","0","0","1","0","1",,,,,"-2"
"151351","Indiana University-Bloomington","2022","Part-time students, Undergraduate, Degree/certificate-seeking, Other degree/certificate-seeking","837","485","352","2","2","0","50","29","21","38","23","15","54","32","22","1","1","0","590","330","260","46","29","17","4","3","1","52","36","16",,,,,"-2"
"151351","Indiana University-Bloomington","2022","Part-time students, Undergraduate, Non-degree/certificate-seeking","131","63","68","0","0","0","9","5","4","3","1","2","11","6","5","0","0","0","81","38","43","4","1","3","7","4","3","16","8","8",,,,,"-2"
"151351","Indiana University-Bloomington","2022","Part-time students, Graduate","4087","2178","1909","5","3","2","249","126","123","181","80","101","220","125","95","2","1","1","2178","1114","1064","104","51","53","67","42","25","1081","636","445",,,,,"-2"
"151351","Indiana University-Bloomington","2022","Part-time students, Undergraduate, Other degree/certificatee-seeking, Transfer-ins","15","8","7","0","0","0","3","2","1","0","0","0","1","0","1","0","0","0","11","6","5","0","0","0","0","0","0","0","0","0",,,,,"-2"
"151351","Indiana University-Bloomington","2022","Part-time students, Undergraduate, Other degree/certificatee-seeking, Continuing","822","477","345","2","2","0","47","27","20","38","23","15","53","32","21","1","1","0","579","324","255","46","29","17","4","3","1","52","36","16",,,,,"-2"
"155399","Kansas State University","2022","All students total","19722","9287","10435","94","43","51","402","178","224","593","299","294","1612","744","868","18","12","6","15096","7009","8087","688","324","364","224","107","117","995","571","424","0",,"0","19722","-2"
"155399","Kansas State University","2022","All students, Undergraduate total","15046","7487","7559","60","33","27","280","141","139","411","219","192","1283","631","652","14","10","4","11951","5888","6063","576","278","298","139","72","67","332","215","117","0",,"0","15046","-2"
"155399","Kansas State University","2022","All students, Undergraduate, Degree/certificate-seeking total","14762","7367","7395","60","33","27","270","136","134","401","214","187","1252","622","630","14","10","4","11777","5821","5956","557","267","290","131","69","62","300","195","105",,,,,"-2"
"155399","Kansas State University","2022","All students, Undergraduate, Degree/certificate-seeking, First-time","2909","1444","1465","8","2","6","54","30","24","61","38","23","228","116","112","4","3","1","2399","1171","1228","107","56","51","25","15","10","23","13","10",,,,,"-2"
"155399","Kansas State University","2022","All students, Undergraduate, Other degree/certificate-seeking","11853","5923","5930","52","31","21","216","106","110","340","176","164","1024","506","518","10","7","3","9378","4650","4728","450","211","239","106","54","52","277","182","95",,,,,"-2"
"155399","Kansas State University","2022","All students, Undergraduate, Non-degree/certificate-seeking","284","120","164","0","0","0","10","5","5","10","5","5","31","9","22","0","0","0","174","67","107","19","11","8","8","3","5","32","20","12",,,,,"-2"
"155399","Kansas State University","2022","All students, Graduate","4676","1800","2876","34","10","24","122","37","85","182","80","102","329","113","216","4","2","2","3145","1121","2024","112","46","66","85","35","50","663","356","307","0",,"0","4676","-2"
"155399","Kansas State University","2022","All students, Undergraduate, Other degree/certificatee-seeking, Transfer-ins","1173","542","631","8","6","2","19","10","9","62","31","31","166","78","88","1","1","0","838","376","462","49","24","25","10","2","8","20","14","6",,,,,"-2"
"155399","Kansas State University","2022","All students, Undergraduate, Other degree/certificatee-seeking, Continuing","10680","5381","5299","44","25","19","197","96","101","278","145","133","858","428","430","9","6","3","8540","4274","4266","401","187","214","96","52","44","257","168","89",,,,,"-2"
"155399","Kansas State University","2022","Full-time students total","15992","7842","8150","61","31","30","300","141","159","360","199","161","1237","612","625","13","9","4","12420","5987","6433","562","272","290","142","76","66","897","515","382",,,,,"-2"
"155399","Kansas State University","2022","Full-time students, Undergraduate total","13462","6820","6642","51","28","23","242","123","119","317","176","141","1097","556","541","12","9","3","10826","5424","5402","496","244","252","113","63","50","308","197","111",,,,,"-2"
"155399","Kansas State University","2022","Full-time students, Undergraduate, Degree/certificate-seeking total","13419","6790","6629","51","28","23","242","123","119","317","176","141","1094","553","541","12","9","3","10817","5417","5400","496","244","252","113","63","50","277","177","100",,,,,"-2"
"155399","Kansas State University","2022","Full-time students, Undergraduate, Degree/certificate-seeking, First-time","2839","1416","1423","8","2","6","54","30","24","58","35","23","215","113","102","4","3","1","2351","1153","1198","104","55","49","24","14","10","21","11","10",,,,,"-2"
"155399","Kansas State University","2022","Full-time students, Undergraduate, Degree/certificate-seeking, Other degree/certificate-seeking","10580","5374","5206","43","26","17","188","93","95","259","141","118","879","440","439","8","6","2","8466","4264","4202","392","189","203","89","49","40","256","166","90",,,,,"-2"
"155399","Kansas State University","2022","Full-time students, Undergraduate, Non-degree/certificate-seeking","43","30","13","0","0","0","0","0","0","0","0","0","3","3","0","0","0","0","9","7","2","0","0","0","0","0","0","31","20","11",,,,,"-2"
"155399","Kansas State University","2022","Full-time students, Graduate","2530","1022","1508","10","3","7","58","18","40","43","23","20","140","56","84","1","0","1","1594","563","1031","66","28","38","29","13","16","589","318","271",,,,,"-2"
"155399","Kansas State University","2022","Full-time students, Undergraduate, Other degree/certificatee-seeking, Transfer-ins","991","489","502","8","6","2","15","8","7","44","26","18","131","68","63","1","1","0","731","347","384","36","18","18","7","2","5","18","13","5",,,,,"-2"
"155399","Kansas State University","2022","Full-time students, Undergraduate, Other degree/certificatee-seeking, Continuing","9589","4885","4704","35","20","15","173","85","88","215","115","100","748","372","376","7","5","2","7735","3917","3818","356","171","185","82","47","35","238","153","85",,,,,"-2"
"155399","Kansas State University","2022","Part-time students total","3730","1445","2285","33","12","21","102","37","65","233","100","133","375","132","243","5","3","2","2676","1022","1654","126","52","74","82","31","51","98","56","42",,,,,"-2"
"155399","Kansas State University","2022","Part-time students, Undergraduate total","1584","667","917","9","5","4","38","18","20","94","43","51","186","75","111","2","1","1","1125","464","661","80","34","46","26","9","17","24","18","6",,,,,"-2"
"155399","Kansas State University","2022","Part-time students, Undergraduate, Degree/certificate-seeking total","1343","577","766","9","5","4","28","13","15","84","38","46","158","69","89","2","1","1","960","404","556","61","23","38","18","6","12","23","18","5",,,,,"-2"
"155399","Kansas State University","2022","Part-time students, Undergraduate, Degree/certificate-seeking, First-time","70","28","42","0","0","0","0","0","0","3","3","0","13","3","10","0","0","0","48","18","30","3","1","2","1","1","0","2","2","0",,,,,"-2"
"155399","Kansas State University","2022","Part-time students, Undergraduate, Degree/certificate-seeking, Other degree/certificate-seeking","1273","549","724","9","5","4","28","13","15","81","35","46","145","66","79","2","1","1","912","386","526","58","22","36","17","5","12","21","16","5",,,,,"-2"
"155399","Kansas State University","2022","Part-time students, Undergraduate, Non-degree/certificate-seeking","241","90","151","0","0","0","10","5","5","10","5","5","28","6","22","0","0","0","165","60","105","19","11","8","8","3","5","1","0","1",,,,,"-2"
"155399","Kansas State University","2022","Part-time students, Graduate","2146","778","1368","24","7","17","64","19","45","139","57","82","189","57","132","3","2","1","1551","558","993","46","18","28","56","22","34","74","38","36",,,,,"-2"
"155399","Kansas State University","2022","Part-time students, Undergraduate, Other degree/certificatee-seeking, Transfer-ins","182","53","129","0","0","0","4","2","2","18","5","13","35","10","25","0","0","0","107","29","78","13","6","7","3","0","3","2","1","1",,,,,"-2"
"155399","Kansas State University","2022","Part-time students, Undergraduate, Other degree/certificatee-seeking, Continuing","1091","496","595","9","5","4","24","11","13","63","30","33","110","56","54","2","1","1","805","357","448","45","16","29","14","5","9","19","15","4",,,,,"-2"
"157085","University of Kentucky","2022","All students total","31547","12723","18824","62","25","37","1172","523","649","2217","766","1451","1779","739","1040","21","9","12","23250","9198","14052","1150","432","718","732","361","371","1164","670","494","0",,"0","31547","-2"
"157085","University of Kentucky","2022","All students, Undergraduate total","22735","9583","13152","42","16","26","814","356","458","1529","604","925","1404","619","785","17","8","9","17250","7190","10060","939","367","572","355","196","159","385","227","158","0",,"0","22735","-2"
"157085","University of Kentucky","2022","All students, Undergraduate, Degree/certificate-seeking total","22115","9330","12785","41","16","25","792","349","443","1488","593","895","1357","598","759","15","7","8","16816","7015","9801","907","357","550","350","192","158","349","203","146",,,,,"-2"
"157085","University of Kentucky","2022","All students, Undergraduate, Degree/certificate-seeking, First-time","6061","2365","3696","7","2","5","210","93","117","408","145","263","389","157","232","5","2","3","4657","1819","2838","274","92","182","38","20","18","73","35","38",,,,,"-2"
"157085","University of Kentucky","2022","All students, Undergraduate, Other degree/certificate-seeking","16054","6965","9089","34","14","20","582","256","326","1080","448","632","968","441","527","10","5","5","12159","5196","6963","633","265","368","312","172","140","276","168","108",,,,,"-2"
"157085","University of Kentucky","2022","All students, Undergraduate, Non-degree/certificate-seeking","620","253","367","1","0","1","22","7","15","41","11","30","47","21","26","2","1","1","434","175","259","32","10","22","5","4","1","36","24","12",,,,,"-2"
"157085","University of Kentucky","2022","All students, Graduate","8812","3140","5672","20","9","11","358","167","191","688","162","526","375","120","255","4","1","3","6000","2008","3992","211","65","146","377","165","212","779","443","336","0",,"0","8812","-2"
"157085","University of Kentucky","2022","All students, Undergraduate, Other degree/certificatee-seeking, Transfer-ins","925","420","505","3","1","2","30","13","17","76","39","37","57","25","32","2","1","1","698","302","396","32","21","11","3","2","1","24","16","8",,,,,"-2"
"157085","University of Kentucky","2022","All students, Undergraduate, Other degree/certificatee-seeking, Continuing","15129","6545","8584","31","13","18","552","243","309","1004","409","595","911","416","495","8","4","4","11461","4894","6567","601","244","357","309","170","139","252","152","100",,,,,"-2"
"157085","University of Kentucky","2022","Full-time students total","27620","11315","16305","51","23","28","1042","460","582","1872","667","1205","1594","668","926","18","7","11","20294","8160","12134","1024","387","637","581","284","297","1144","659","485",,,,,"-2"
"157085","University of Kentucky","2022","Full-time students, Undergraduate total","20790","8747","12043","37","15","22","758","331","427","1382","548","834","1287","564","723","15","7","8","15740","6540","9200","861","335","526","331","183","148","379","224","155",,,,,"-2"
"157085","University of Kentucky","2022","Full-time students, Undergraduate, Degree/certificate-seeking total","20744","8721","12023","37","15","22","756","330","426","1382","548","834","1286","564","722","15","7","8","15732","6538","9194","861","335","526","331","183","148","344","201","143",,,,,"-2"
"157085","University of Kentucky","2022","Full-time students, Undergraduate, Degree/certificate-seeking, First-time","5974","2326","3648","7","2","5","209","93","116","397","142","255","385","154","231","5","2","3","4589","1787","2802","272","91","181","37","20","17","73","35","38",,,,,"-2"
"157085","University of Kentucky","2022","Full-time students, Undergraduate, Degree/certificate-seeking, Other degree/certificate-seeking","14770","6395","8375","30","13","17","547","237","310","985","406","579","901","410","491","10","5","5","11143","4751","6392","589","244","345","294","163","131","271","166","105",,,,,"-2"
"157085","University of Kentucky","2022","Full-time students, Undergraduate, Non-degree/certificate-seeking","46","26","20","0","0","0","2","1","1","0","0","0","1","0","1","0","0","0","8","2","6","0","0","0","0","0","0","35","23","12",,,,,"-2"
"157085","University of Kentucky","2022","Full-time students, Graduate","6830","2568","4262","14","8","6","284","129","155","490","119","371","307","104","203","3","0","3","4554","1620","2934","163","52","111","250","101","149","765","435","330",,,,,"-2"
"157085","University of Kentucky","2022","Full-time students, Undergraduate, Other degree/certificatee-seeking, Transfer-ins","752","361","391","2","1","1","28","11","17","59","33","26","46","22","24","2","1","1","564","260","304","26","16","10","1","1","0","24","16","8",,,,,"-2"
"157085","University of Kentucky","2022","Full-time students, Undergraduate, Other degree/certificatee-seeking, Continuing","14018","6034","7984","28","12","16","519","226","293","926","373","553","855","388","467","8","4","4","10579","4491","6088","563","228","335","293","162","131","247","150","97",,,,,"-2"
"157085","University of Kentucky","2022","Part-time students total","3927","1408","2519","11","2","9","130","63","67","345","99","246","185","71","114","3","2","1","2956","1038","1918","126","45","81","151","77","74","20","11","9",,,,,"-2"
"157085","University of Kentucky","2022","Part-time students, Undergraduate total","1945","836","1109","5","1","4","56","25","31","147","56","91","117","55","62","2","1","1","1510","650","860","78","32","46","24","13","11","6","3","3",,,,,"-2"
"157085","University of Kentucky","2022","Part-time students, Undergraduate, Degree/certificate-seeking total","1371","609","762","4","1","3","36","19","17","106","45","61","71","34","37","0","0","0","1084","477","607","46","22","24","19","9","10","5","2","3",,,,,"-2"
"157085","University of Kentucky","2022","Part-time students, Undergraduate, Degree/certificate-seeking, First-time","87","39","48","0","0","0","1","0","1","11","3","8","4","3","1","0","0","0","68","32","36","2","1","1","1","0","1","0","0","0",,,,,"-2"
"157085","University of Kentucky","2022","Part-time students, Undergraduate, Degree/certificate-seeking, Other degree/certificate-seeking","1284","570","714","4","1","3","35","19","16","95","42","53","67","31","36","0","0","0","1016","445","571","44","21","23","18","9","9","5","2","3",,,,,"-2"
"157085","University of Kentucky","2022","Part-time students, Undergraduate, Non-degree/certificate-seeking","574","227","347","1","0","1","20","6","14","41","11","30","46","21","25","2","1","1","426","173","253","32","10","22","5","4","1","1","1","0",,,,,"-2"
"157085","University of Kentucky","2022","Part-time students, Graduate","1982","572","1410","6","1","5","74","38","36","198","43","155","68","16","52","1","1","0","1446","388","1058","48","13","35","127","64","63","14","8","6",,,,,"-2"
"157085","University of Kentucky","2022","Part-time students, Undergraduate, Other degree/certificatee-seeking, Transfer-ins","173","59","114","1","0","1","2","2","0","17","6","11","11","3","8","0","0","0","134","42","92","6","5","1","2","1","1","0","0","0",,,,,"-2"
"157085","University of Kentucky","2022","Part-time students, Undergraduate, Other degree/certificatee-seeking, Continuing","1111","511","600","3","1","2","33","17","16","78","36","42","56","28","28","0","0","0","882","403","479","38","16","22","16","8","8","5","2","3",,,,,"-2"
"159391","Louisiana State University and Agricultural & Mechanical College","2022","All students total","37348","16394","20954","186","83","103","1658","758","900","6257","2281","3976","3147","1382","1765","33","16","17","23004","10406","12598","1048","409","639","444","196","248","1571","863","708","0",,"0","37348","-2"
"159391","Louisiana State University and Agricultural & Mechanical College","2022","All students, Undergraduate total","30952","13896","17056","166","75","91","1508","689","819","5399","2041","3358","2768","1228","1540","26","12","14","19404","9067","10337","894","360","534","281","145","136","506","279","227","0",,"0","30952","-2"
"159391","Louisiana State University and Agricultural & Mechanical College","2022","All students, Undergraduate, Degree/certificate-seeking total","27729","12525","15204","150","71","79","1390","634","756","4800","1818","2982","2566","1126","1440","24","10","14","17369","8221","9148","791","306","485","230","116","114","409","223","186",,,,,"-2"
"159391","Louisiana State University and Agricultural & Mechanical College","2022","All students, Undergraduate, Degree/certificate-seeking, First-time","7401","3083","4318","26","14","12","347","145","202","1563","528","1035","781","331","450","5","2","3","4222","1875","2347","324","125","199","52","22","30","81","41","40",,,,,"-2"
"159391","Louisiana State University and Agricultural & Mechanical College","2022","All students, Undergraduate, Other degree/certificate-seeking","20328","9442","10886","124","57","67","1043","489","554","3237","1290","1947","1785","795","990","19","8","11","13147","6346","6801","467","181","286","178","94","84","328","182","146",,,,,"-2"
"159391","Louisiana State University and Agricultural & Mechanical College","2022","All students, Undergraduate, Non-degree/certificate-seeking","3223","1371","1852","16","4","12","118","55","63","599","223","376","202","102","100","2","2","0","2035","846","1189","103","54","49","51","29","22","97","56","41",,,,,"-2"
"159391","Louisiana State University and Agricultural & Mechanical College","2022","All students, Graduate","6396","2498","3898","20","8","12","150","69","81","858","240","618","379","154","225","7","4","3","3600","1339","2261","154","49","105","163","51","112","1065","584","481","0",,"0","6396","-2"
"159391","Louisiana State University and Agricultural & Mechanical College","2022","All students, Undergraduate, Other degree/certificatee-seeking, Transfer-ins","998","489","509","7","5","2","37","19","18","191","68","123","129","53","76","2","1","1","546","301","245","41","19","22","12","7","5","33","16","17",,,,,"-2"
"159391","Louisiana State University and Agricultural & Mechanical College","2022","All students, Undergraduate, Other degree/certificatee-seeking, Continuing","19330","8953","10377","117","52","65","1006","470","536","3046","1222","1824","1656","742","914","17","7","10","12601","6045","6556","426","162","264","166","87","79","295","166","129",,,,,"-2"
"159391","Louisiana State University and Agricultural & Mechanical College","2022","Full-time students total","31072","13687","17385","153","71","82","1424","641","783","5135","1878","3257","2679","1149","1530","27","11","16","18951","8635","10316","881","326","555","342","148","194","1480","828","652",,,,,"-2"
"159391","Louisiana State University and Agricultural & Mechanical College","2022","Full-time students, Undergraduate total","26516","11924","14592","139","66","73","1322","595","727","4621","1752","2869","2424","1061","1363","22","9","13","16545","7776","8769","766","293","473","211","109","102","466","263","203",,,,,"-2"
"159391","Louisiana State University and Agricultural & Mechanical College","2022","Full-time students, Undergraduate, Degree/certificate-seeking total","26396","11846","14550","139","66","73","1317","594","723","4604","1740","2864","2422","1060","1362","22","9","13","16527","7765","8762","765","292","473","206","105","101","394","215","179",,,,,"-2"
"159391","Louisiana State University and Agricultural & Mechanical College","2022","Full-time students, Undergraduate, Degree/certificate-seeking, First-time","7367","3067","4300","26","14","12","347","145","202","1555","524","1031","769","327","442","5","2","3","4212","1871","2341","321","122","199","52","22","30","80","40","40",,,,,"-2"
"159391","Louisiana State University and Agricultural & Mechanical College","2022","Full-time students, Undergraduate, Degree/certificate-seeking, Other degree/certificate-seeking","19029","8779","10250","113","52","61","970","449","521","3049","1216","1833","1653","733","920","17","7","10","12315","5894","6421","444","170","274","154","83","71","314","175","139",,,,,"-2"
"159391","Louisiana State University and Agricultural & Mechanical College","2022","Full-time students, Undergraduate, Non-degree/certificate-seeking","120","78","42","0","0","0","5","1","4","17","12","5","2","1","1","0","0","0","18","11","7","1","1","0","5","4","1","72","48","24",,,,,"-2"
"159391","Louisiana State University and Agricultural & Mechanical College","2022","Full-time students, Graduate","4556","1763","2793","14","5","9","102","46","56","514","126","388","255","88","167","5","2","3","2406","859","1547","115","33","82","131","39","92","1014","565","449",,,,,"-2"
"159391","Louisiana State University and Agricultural & Mechanical College","2022","Full-time students, Undergraduate, Other degree/certificatee-seeking, Transfer-ins","871","437","434","7","5","2","34","19","15","172","63","109","111","48","63","2","1","1","469","264","205","38","18","20","6","4","2","32","15","17",,,,,"-2"
"159391","Louisiana State University and Agricultural & Mechanical College","2022","Full-time students, Undergraduate, Other degree/certificatee-seeking, Continuing","18158","8342","9816","106","47","59","936","430","506","2877","1153","1724","1542","685","857","15","6","9","11846","5630","6216","406","152","254","148","79","69","282","160","122",,,,,"-2"
"159391","Louisiana State University and Agricultural & Mechanical College","2022","Part-time students total","6276","2707","3569","33","12","21","234","117","117","1122","403","719","468","233","235","6","5","1","4053","1771","2282","167","83","84","102","48","54","91","35","56",,,,,"-2"
"159391","Louisiana State University and Agricultural & Mechanical College","2022","Part-time students, Undergraduate total","4436","1972","2464","27","9","18","186","94","92","778","289","489","344","167","177","4","3","1","2859","1291","1568","128","67","61","70","36","34","40","16","24",,,,,"-2"
"159391","Louisiana State University and Agricultural & Mechanical College","2022","Part-time students, Undergraduate, Degree/certificate-seeking total","1333","679","654","11","5","6","73","40","33","196","78","118","144","66","78","2","1","1","842","456","386","26","14","12","24","11","13","15","8","7",,,,,"-2"
"159391","Louisiana State University and Agricultural & Mechanical College","2022","Part-time students, Undergraduate, Degree/certificate-seeking, First-time","34","16","18","0","0","0","0","0","0","8","4","4","12","4","8","0","0","0","10","4","6","3","3","0","0","0","0","1","1","0",,,,,"-2"
"159391","Louisiana State University and Agricultural & Mechanical College","2022","Part-time students, Undergraduate, Degree/certificate-seeking, Other degree/certificate-seeking","1299","663","636","11","5","6","73","40","33","188","74","114","132","62","70","2","1","1","832","452","380","23","11","12","24","11","13","14","7","7",,,,,"-2"
"159391","Louisiana State University and Agricultural & Mechanical College","2022","Part-time students, Undergraduate, Non-degree/certificate-seeking","3103","1293","1810","16","4","12","113","54","59","582","211","371","200","101","99","2","2","0","2017","835","1182","102","53","49","46","25","21","25","8","17",,,,,"-2"
"159391","Louisiana State University and Agricultural & Mechanical College","2022","Part-time students, Graduate","1840","735","1105","6","3","3","48","23","25","344","114","230","124","66","58","2","2","0","1194","480","714","39","16","23","32","12","20","51","19","32",,,,,"-2"
"159391","Louisiana State University and Agricultural & Mechanical College","2022","Part-time students, Undergraduate, Other degree/certificatee-seeking, Transfer-ins","127","52","75","0","0","0","3","0","3","19","5","14","18","5","13","0","0","0","77","37","40","3","1","2","6","3","3","1","1","0",,,,,"-2"
"159391","Louisiana State University and Agricultural & Mechanical College","2022","Part-time students, Undergraduate, Other degree/certificatee-seeking, Continuing","1172","611","561","11","5","6","70","40","30","169","69","100","114","57","57","2","1","1","755","415","340","20","10","10","18","8","10","13","6","7",,,,,"-2"
"163259","University of Maryland, Baltimore","2022","All students total","6931","1875","5056","3","0","3","1086","336","750","1317","264","1053","604","167","437","3","1","2","3148","875","2273","277","67","210","105","28","77","388","137","251","341",,"341","6590","-2"
"163259","University of Maryland, Baltimore","2022","All students, Undergraduate total","963","167","796","0","0","0","192","44","148","247","37","210","111","23","88","0","0","0","313","48","265","51","6","45","11","0","11","38","9","29","80",,"80","883","-2"
"163259","University of Maryland, Baltimore","2022","All students, Undergraduate, Degree/certificate-seeking total","956","165","791","0","0","0","192","44","148","245","36","209","110","23","87","0","0","0","309","47","262","51","6","45","11","0","11","38","9","29",,,,,"-2"
"163259","University of Maryland, Baltimore","2022","All students, Undergraduate, Other degree/certificate-seeking","956","165","791","0","0","0","192","44","148","245","36","209","110","23","87","0","0","0","309","47","262","51","6","45","11","0","11","38","9","29",,,,,"-2"
"163259","University of Maryland, Baltimore","2022","All students, Undergraduate, Non-degree/certificate-seeking","7","2","5","0","0","0","0","0","0","2","1","1","1","0","1","0","0","0","4","1","3","0","0","0","0","0","0","0","0","0",,,,,"-2"
"163259","University of Maryland, Baltimore","2022","All students, Graduate","5968","1708","4260","3","0","3","894","292","602","1070","227","843","493","144","349","3","1","2","2835","827","2008","226","61","165","94","28","66","350","128","222","261",,"261","5707","-2"
"163259","University of Maryland, Baltimore","2022","All students, Undergraduate, Other degree/certificatee-seeking, Transfer-ins","280","41","239","0","0","0","51","9","42","70","8","62","39","5","34","0","0","0","92","13","79","14","3","11","5","0","5","9","3","6",,,,,"-2"
"163259","University of Maryland, Baltimore","2022","All students, Undergraduate, Other degree/certificatee-seeking, Continuing","676","124","552","0","0","0","141","35","106","175","28","147","71","18","53","0","0","0","217","34","183","37","3","34","6","0","6","29","6","23",,,,,"-2"
"163259","University of Maryland, Baltimore","2022","Full-time students total","4925","1421","3504","1","0","1","856","279","577","868","181","687","455","125","330","2","1","1","2215","675","1540","209","59","150","58","16","42","261","85","176",,,,,"-2"
"163259","University of Maryland, Baltimore","2022","Full-time students, Undergraduate total","732","130","602","0","0","0","155","39","116","183","26","157","90","18","72","0","0","0","232","36","196","38","5","33","6","0","6","28","6","22",,,,,"-2"
"163259","University of Maryland, Baltimore","2022","Full-time students, Undergraduate, Degree/certificate-seeking total","731","130","601","0","0","0","155","39","116","183","26","157","90","18","72","0","0","0","231","36","195","38","5","33","6","0","6","28","6","22",,,,,"-2"
"163259","University of Maryland, Baltimore","2022","Full-time students, Undergraduate, Degree/certificate-seeking, Other degree/certificate-seeking","731","130","601","0","0","0","155","39","116","183","26","157","90","18","72","0","0","0","231","36","195","38","5","33","6","0","6","28","6","22",,,,,"-2"
"163259","University of Maryland, Baltimore","2022","Full-time students, Undergraduate, Non-degree/certificate-seeking","1","0","1","0","0","0","0","0","0","0","0","0","0","0","0","0","0","0","1","0","1","0","0","0","0","0","0","0","0","0",,,,,"-2"
"163259","University of Maryland, Baltimore","2022","Full-time students, Graduate","4193","1291","2902","1","0","1","701","240","461","685","155","530","365","107","258","2","1","1","1983","639","1344","171","54","117","52","16","36","233","79","154",,,,,"-2"
"163259","University of Maryland, Baltimore","2022","Full-time students, Undergraduate, Other degree/certificatee-seeking, Transfer-ins","214","33","181","0","0","0","42","8","34","50","4","46","33","5","28","0","0","0","68","10","58","13","3","10","1","0","1","7","3","4",,,,,"-2"
"163259","University of Maryland, Baltimore","2022","Full-time students, Undergraduate, Other degree/certificatee-seeking, Continuing","517","97","420","0","0","0","113","31","82","133","22","111","57","13","44","0","0","0","163","26","137","25","2","23","5","0","5","21","3","18",,,,,"-2"
"163259","University of Maryland, Baltimore","2022","Part-time students total","2006","454","1552","2","0","2","230","57","173","449","83","366","149","42","107","1","0","1","933","200","733","68","8","60","47","12","35","127","52","75",,,,,"-2"
"163259","University of Maryland, Baltimore","2022","Part-time students, Undergraduate total","231","37","194","0","0","0","37","5","32","64","11","53","21","5","16","0","0","0","81","12","69","13","1","12","5","0","5","10","3","7",,,,,"-2"
"163259","University of Maryland, Baltimore","2022","Part-time students, Undergraduate, Degree/certificate-seeking total","225","35","190","0","0","0","37","5","32","62","10","52","20","5","15","0","0","0","78","11","67","13","1","12","5","0","5","10","3","7",,,,,"-2"
"163259","University of Maryland, Baltimore","2022","Part-time students, Undergraduate, Degree/certificate-seeking, Other degree/certificate-seeking","225","35","190","0","0","0","37","5","32","62","10","52","20","5","15","0","0","0","78","11","67","13","1","12","5","0","5","10","3","7",,,,,"-2"
"163259","University of Maryland, Baltimore","2022","Part-time students, Undergraduate, Non-degree/certificate-seeking","6","2","4","0","0","0","0","0","0","2","1","1","1","0","1","0","0","0","3","1","2","0","0","0","0","0","0","0","0","0",,,,,"-2"
"163259","University of Maryland, Baltimore","2022","Part-time students, Graduate","1775","417","1358","2","0","2","193","52","141","385","72","313","128","37","91","1","0","1","852","188","664","55","7","48","42","12","30","117","49","68",,,,,"-2"
"163259","University of Maryland, Baltimore","2022","Part-time students, Undergraduate, Other degree/certificatee-seeking, Transfer-ins","66","8","58","0","0","0","9","1","8","20","4","16","6","0","6","0","0","0","24","3","21","1","0","1","4","0","4","2","0","2",,,,,"-2"
"163259","University of Maryland, Baltimore","2022","Part-time students, Undergraduate, Other degree/certificatee-seeking, Continuing","159","27","132","0","0","0","28","4","24","42","6","36","14","5","9","0","0","0","54","8","46","12","1","11","1","0","1","8","3","5",,,,,"-2"
"163295","Maryland Institute College of Art","2022","All students total","1952","479","1473","1","0","1","189","44","145","216","64","152","204","43","161","0","0","0","683","153","530","122","26","96","80","28","52","457","121","336","22",,"22","1930","-2"
"163295","Maryland Institute College of Art","2022","All students, Undergraduate total","1403","332","1071","0","0","0","150","36","114","146","47","99","145","26","119","0","0","0","477","102","375","101","21","80","53","15","38","331","85","246","5",,"5","1398","-2"
"163295","Maryland Institute College of Art","2022","All students, Undergraduate, Degree/certificate-seeking total","1401","330","1071","0","0","0","150","36","114","146","47","99","145","26","119","0","0","0","475","100","375","101","21","80","53","15","38","331","85","246",,,,,"-2"
"163295","Maryland Institute College of Art","2022","All students, Undergraduate, Degree/certificate-seeking, First-time","227","47","180","0","0","0","29","6","23","37","12","25","29","6","23","0","0","0","75","14","61","24","4","20","3","1","2","30","4","26",,,,,"-2"
"163295","Maryland Institute College of Art","2022","All students, Undergraduate, Other degree/certificate-seeking","1174","283","891","0","0","0","121","30","91","109","35","74","116","20","96","0","0","0","400","86","314","77","17","60","50","14","36","301","81","220",,,,,"-2"
"163295","Maryland Institute College of Art","2022","All students, Undergraduate, Non-degree/certificate-seeking","2","2","0","0","0","0","0","0","0","0","0","0","0","0","0","0","0","0","2","2","0","0","0","0","0","0","0","0","0","0",,,,,"-2"
"163295","Maryland Institute College of Art","2022","All students, Graduate","549","147","402","1","0","1","39","8","31","70","17","53","59","17","42","0","0","0","206","51","155","21","5","16","27","13","14","126","36","90","17",,"17","532","-2"
"163295","Maryland Institute College of Art","2022","All students, Undergraduate, Other degree/certificatee-seeking, Transfer-ins","45","13","32","0","0","0","4","3","1","9","2","7","8","2","6","0","0","0","15","3","12","5","3","2","2","0","2","2","0","2",,,,,"-2"
"163295","Maryland Institute College of Art","2022","All students, Undergraduate, Other degree/certificatee-seeking, Continuing","1129","270","859","0","0","0","117","27","90","100","33","67","108","18","90","0","0","0","385","83","302","72","14","58","48","14","34","299","81","218",,,,,"-2"
"163295","Maryland Institute College of Art","2022","Full-time students total","1567","377","1190","0","0","0","165","38","127","163","48","115","156","31","125","0","0","0","509","112","397","105","24","81","33","12","21","436","112","324",,,,,"-2"
"163295","Maryland Institute College of Art","2022","Full-time students, Undergraduate total","1336","311","1025","0","0","0","147","35","112","143","47","96","140","25","115","0","0","0","453","91","362","100","21","79","27","9","18","326","83","243",,,,,"-2"
"163295","Maryland Institute College of Art","2022","Full-time students, Undergraduate, Degree/certificate-seeking total","1336","311","1025","0","0","0","147","35","112","143","47","96","140","25","115","0","0","0","453","91","362","100","21","79","27","9","18","326","83","243",,,,,"-2"
"163295","Maryland Institute College of Art","2022","Full-time students, Undergraduate, Degree/certificate-seeking, First-time","227","47","180","0","0","0","29","6","23","37","12","25","29","6","23","0","0","0","75","14","61","24","4","20","3","1","2","30","4","26",,,,,"-2"
"163295","Maryland Institute College of Art","2022","Full-time students, Undergraduate, Degree/certificate-seeking, Other degree/certificate-seeking","1109","264","845","0","0","0","118","29","89","106","35","71","111","19","92","0","0","0","378","77","301","76","17","59","24","8","16","296","79","217",,,,,"-2"
"163295","Maryland Institute College of Art","2022","Full-time students, Graduate","231","66","165","0","0","0","18","3","15","20","1","19","16","6","10","0","0","0","56","21","35","5","3","2","6","3","3","110","29","81",,,,,"-2"
"163295","Maryland Institute College of Art","2022","Full-time students, Undergraduate, Other degree/certificatee-seeking, Transfer-ins","45","13","32","0","0","0","4","3","1","9","2","7","8","2","6","0","0","0","15","3","12","5","3","2","2","0","2","2","0","2",,,,,"-2"
"163295","Maryland Institute College of Art","2022","Full-time students, Undergraduate, Other degree/certificatee-seeking, Continuing","1064","251","813","0","0","0","114","26","88","97","33","64","103","17","86","0","0","0","363","74","289","71","14","57","22","8","14","294","79","215",,,,,"-2"
"163295","Maryland Institute College of Art","2022","Part-time students total","385","102","283","1","0","1","24","6","18","53","16","37","48","12","36","0","0","0","174","41","133","17","2","15","47","16","31","21","9","12",,,,,"-2"
"163295","Maryland Institute College of Art","2022","Part-time students, Undergraduate total","67","21","46","0","0","0","3","1","2","3","0","3","5","1","4","0","0","0","24","11","13","1","0","1","26","6","20","5","2","3",,,,,"-2"
"163295","Maryland Institute College of Art","2022","Part-time students, Undergraduate, Degree/certificate-seeking total","65","19","46","0","0","0","3","1","2","3","0","3","5","1","4","0","0","0","22","9","13","1","0","1","26","6","20","5","2","3",,,,,"-2"
"163295","Maryland Institute College of Art","2022","Part-time students, Undergraduate, Degree/certificate-seeking, Other degree/certificate-seeking","65","19","46","0","0","0","3","1","2","3","0","3","5","1","4","0","0","0","22","9","13","1","0","1","26","6","20","5","2","3",,,,,"-2"
"163295","Maryland Institute College of Art","2022","Part-time students, Undergraduate, Non-degree/certificate-seeking","2","2","0","0","0","0","0","0","0","0","0","0","0","0","0","0","0","0","2","2","0","0","0","0","0","0","0","0","0","0",,,,,"-2"
"163295","Maryland Institute College of Art","2022","Part-time students, Graduate","318","81","237","1","0","1","21","5","16","50","16","34","43","11","32","0","0","0","150","30","120","16","2","14","21","10","11","16","7","9",,,,,"-2"
"163295","Maryland Institute College of Art","2022","Part-time students, Undergraduate, Other degree/certificatee-seeking, Continuing","65","19","46","0","0","0","3","1","2","3","0","3","5","1","4","0","0","0","22","9","13","1","0","1","26","6","20","5","2","3",,,,,"-2"
"164924","Boston College","2022","All students total","15287","6938","8349","17","3","14","1470","685","785","764","334","430","1405","637","768","5","2","3","8766","3849","4917","433","190","243","662","340","322","1765","898","867","0",,"0","15287","-2"
"164924","Boston College","2022","All students, Undergraduate total","9982","4697","5285","12","1","11","1122","558","564","491","215","276","1099","505","594","4","2","2","5743","2646","3097","329","150","179","330","198","132","852","422","430","0",,"0","9982","-2"
"164924","Boston College","2022","All students, Undergraduate, Degree/certificate-seeking total","9751","4603","5148","12","1","11","1113","551","562","486","211","275","1092","501","591","4","2","2","5696","2622","3074","329","150","179","318","194","124","701","371","330",,,,,"-2"
"164924","Boston College","2022","All students, Undergraduate, Degree/certificate-seeking, First-time","2335","1079","1256","7","0","7","308","148","160","161","51","110","274","144","130","2","1","1","1362","609","753","2","0","2","43","24","19","176","102","74",,,,,"-2"
"164924","Boston College","2022","All students, Undergraduate, Other degree/certificate-seeking","7416","3524","3892","5","1","4","805","403","402","325","160","165","818","357","461","2","1","1","4334","2013","2321","327","150","177","275","170","105","525","269","256",,,,,"-2"
"164924","Boston College","2022","All students, Undergraduate, Non-degree/certificate-seeking","231","94","137","0","0","0","9","7","2","5","4","1","7","4","3","0","0","0","47","24","23","0","0","0","12","4","8","151","51","100",,,,,"-2"
"164924","Boston College","2022","All students, Graduate","5305","2241","3064","5","2","3","348","127","221","273","119","154","306","132","174","1","0","1","3023","1203","1820","104","40","64","332","142","190","913","476","437","0",,"0","5305","-2"
"164924","Boston College","2022","All students, Undergraduate, Other degree/certificatee-seeking, Transfer-ins","135","68","67","0","0","0","17","12","5","3","2","1","9","4","5","0","0","0","87","36","51","6","5","1","4","2","2","9","7","2",,,,,"-2"
"164924","Boston College","2022","All students, Undergraduate, Other degree/certificatee-seeking, Continuing","7281","3456","3825","5","1","4","788","391","397","322","158","164","809","353","456","2","1","1","4247","1977","2270","321","145","176","271","168","103","516","262","254",,,,,"-2"
"164924","Boston College","2022","Full-time students total","13437","6062","7375","15","2","13","1346","624","722","642","276","366","1261","572","689","4","2","2","7637","3316","4321","402","176","226","481","243","238","1649","851","798",,,,,"-2"
"164924","Boston College","2022","Full-time students, Undergraduate total","9757","4569","5188","11","1","10","1107","547","560","477","208","269","1068","493","575","4","2","2","5636","2589","3047","324","147","177","288","165","123","842","417","425",,,,,"-2"
"164924","Boston College","2022","Full-time students, Undergraduate, Degree/certificate-seeking total","9593","4508","5085","11","1","10","1105","545","560","474","205","269","1068","493","575","4","2","2","5626","2584","3042","324","147","177","284","163","121","697","368","329",,,,,"-2"
"164924","Boston College","2022","Full-time students, Undergraduate, Degree/certificate-seeking, First-time","2335","1079","1256","7","0","7","308","148","160","161","51","110","274","144","130","2","1","1","1362","609","753","2","0","2","43","24","19","176","102","74",,,,,"-2"
"164924","Boston College","2022","Full-time students, Undergraduate, Degree/certificate-seeking, Other degree/certificate-seeking","7258","3429","3829","4","1","3","797","397","400","313","154","159","794","349","445","2","1","1","4264","1975","2289","322","147","175","241","139","102","521","266","255",,,,,"-2"
"164924","Boston College","2022","Full-time students, Undergraduate, Non-degree/certificate-seeking","164","61","103","0","0","0","2","2","0","3","3","0","0","0","0","0","0","0","10","5","5","0","0","0","4","2","2","145","49","96",,,,,"-2"
"164924","Boston College","2022","Full-time students, Graduate","3680","1493","2187","4","1","3","239","77","162","165","68","97","193","79","114","0","0","0","2001","727","1274","78","29","49","193","78","115","807","434","373",,,,,"-2"
"164924","Boston College","2022","Full-time students, Undergraduate, Other degree/certificatee-seeking, Transfer-ins","117","55","62","0","0","0","17","12","5","2","1","1","6","3","3","0","0","0","80","32","48","3","2","1","2","0","2","7","5","2",,,,,"-2"
"164924","Boston College","2022","Full-time students, Undergraduate, Other degree/certificatee-seeking, Continuing","7141","3374","3767","4","1","3","780","385","395","311","153","158","788","346","442","2","1","1","4184","1943","2241","319","145","174","239","139","100","514","261","253",,,,,"-2"
"164924","Boston College","2022","Part-time students total","1850","876","974","2","1","1","124","61","63","122","58","64","144","65","79","1","0","1","1129","533","596","31","14","17","181","97","84","116","47","69",,,,,"-2"
"164924","Boston College","2022","Part-time students, Undergraduate total","225","128","97","1","0","1","15","11","4","14","7","7","31","12","19","0","0","0","107","57","50","5","3","2","42","33","9","10","5","5",,,,,"-2"
"164924","Boston College","2022","Part-time students, Undergraduate, Degree/certificate-seeking total","158","95","63","1","0","1","8","6","2","12","6","6","24","8","16","0","0","0","70","38","32","5","3","2","34","31","3","4","3","1",,,,,"-2"
"164924","Boston College","2022","Part-time students, Undergraduate, Degree/certificate-seeking, Other degree/certificate-seeking","158","95","63","1","0","1","8","6","2","12","6","6","24","8","16","0","0","0","70","38","32","5","3","2","34","31","3","4","3","1",,,,,"-2"
"164924","Boston College","2022","Part-time students, Undergraduate, Non-degree/certificate-seeking","67","33","34","0","0","0","7","5","2","2","1","1","7","4","3","0","0","0","37","19","18","0","0","0","8","2","6","6","2","4",,,,,"-2"
"164924","Boston College","2022","Part-time students, Graduate","1625","748","877","1","1","0","109","50","59","108","51","57","113","53","60","1","0","1","1022","476","546","26","11","15","139","64","75","106","42","64",,,,,"-2"
"164924","Boston College","2022","Part-time students, Undergraduate, Other degree/certificatee-seeking, Transfer-ins","18","13","5","0","0","0","0","0","0","1","1","0","3","1","2","0","0","0","7","4","3","3","3","0","2","2","0","2","2","0",,,,,"-2"
"164924","Boston College","2022","Part-time students, Undergraduate, Other degree/certificatee-seeking, Continuing","140","82","58","1","0","1","8","6","2","11","5","6","21","7","14","0","0","0","63","34","29","2","0","2","32","29","3","2","1","1",,,,,"-2"
"164988","Boston University","2022","All students total","36714","15646","21068","19","6","13","5418","2428","2990","1638","477","1161","3298","1195","2103","27","7","20","12654","4901","7753","1260","478","782","1848","858","990","10552","5296","5256","0",,"0","36714","-2"
"164988","Boston University","2022","All students, Undergraduate total","18459","7742","10717","6","2","4","3541","1644","1897","900","243","657","1930","708","1222","14","5","9","6085","2403","3682","824","316","508","984","499","485","4175","1922","2253","0",,"0","18459","-2"
"164988","Boston University","2022","All students, Undergraduate, Degree/certificate-seeking total","17668","7369","10299","6","2","4","3497","1624","1873","880","232","648","1902","695","1207","14","5","9","5889","2310","3579","814","308","506","686","348","338","3980","1845","2135",,,,,"-2"
"164988","Boston University","2022","All students, Undergraduate, Degree/certificate-seeking, First-time","3635","1475","2160","1","0","1","696","347","349","289","65","224","422","132","290","4","0","4","1091","452","639","155","69","86","141","66","75","836","344","492",,,,,"-2"
"164988","Boston University","2022","All students, Undergraduate, Other degree/certificate-seeking","14033","5894","8139","5","2","3","2801","1277","1524","591","167","424","1480","563","917","10","5","5","4798","1858","2940","659","239","420","545","282","263","3144","1501","1643",,,,,"-2"
"164988","Boston University","2022","All students, Undergraduate, Non-degree/certificate-seeking","791","373","418","0","0","0","44","20","24","20","11","9","28","13","15","0","0","0","196","93","103","10","8","2","298","151","147","195","77","118",,,,,"-2"
"164988","Boston University","2022","All students, Graduate","18255","7904","10351","13","4","9","1877","784","1093","738","234","504","1368","487","881","13","2","11","6569","2498","4071","436","162","274","864","359","505","6377","3374","3003","0",,"0","18255","-2"
"164988","Boston University","2022","All students, Undergraduate, Other degree/certificatee-seeking, Transfer-ins","681","277","404","1","0","1","141","71","70","25","9","16","66","24","42","0","0","0","275","90","185","28","7","21","25","13","12","120","63","57",,,,,"-2"
"164988","Boston University","2022","All students, Undergraduate, Other degree/certificatee-seeking, Continuing","13352","5617","7735","4","2","2","2660","1206","1454","566","158","408","1414","539","875","10","5","5","4523","1768","2755","631","232","399","520","269","251","3024","1438","1586",,,,,"-2"
"164988","Boston University","2022","Full-time students total","29251","12286","16965","16","5","11","4542","2015","2527","1229","329","900","2662","947","1715","21","5","16","9629","3707","5922","1083","409","674","1098","496","602","8971","4373","4598",,,,,"-2"
"164988","Boston University","2022","Full-time students, Undergraduate total","17734","7381","10353","6","2","4","3474","1612","1862","876","230","646","1880","683","1197","14","5","9","5841","2286","3555","804","307","497","730","366","364","4109","1890","2219",,,,,"-2"
"164988","Boston University","2022","Full-time students, Undergraduate, Degree/certificate-seeking total","17415","7245","10170","6","2","4","3465","1606","1859","873","228","645","1879","683","1196","14","5","9","5788","2264","3524","800","305","495","662","334","328","3928","1818","2110",,,,,"-2"
"164988","Boston University","2022","Full-time students, Undergraduate, Degree/certificate-seeking, First-time","3634","1475","2159","1","0","1","696","347","349","289","65","224","422","132","290","4","0","4","1090","452","638","155","69","86","141","66","75","836","344","492",,,,,"-2"
"164988","Boston University","2022","Full-time students, Undergraduate, Degree/certificate-seeking, Other degree/certificate-seeking","13781","5770","8011","5","2","3","2769","1259","1510","584","163","421","1457","551","906","10","5","5","4698","1812","2886","645","236","409","521","268","253","3092","1474","1618",,,,,"-2"
"164988","Boston University","2022","Full-time students, Undergraduate, Non-degree/certificate-seeking","319","136","183","0","0","0","9","6","3","3","2","1","1","0","1","0","0","0","53","22","31","4","2","2","68","32","36","181","72","109",,,,,"-2"
"164988","Boston University","2022","Full-time students, Graduate","11517","4905","6612","10","3","7","1068","403","665","353","99","254","782","264","518","7","0","7","3788","1421","2367","279","102","177","368","130","238","4862","2483","2379",,,,,"-2"
"164988","Boston University","2022","Full-time students, Undergraduate, Other degree/certificatee-seeking, Transfer-ins","680","277","403","1","0","1","141","71","70","25","9","16","65","24","41","0","0","0","275","90","185","28","7","21","25","13","12","120","63","57",,,,,"-2"
"164988","Boston University","2022","Full-time students, Undergraduate, Other degree/certificatee-seeking, Continuing","13101","5493","7608","4","2","2","2628","1188","1440","559","154","405","1392","527","865","10","5","5","4423","1722","2701","617","229","388","496","255","241","2972","1411","1561",,,,,"-2"
"164988","Boston University","2022","Part-time students total","7463","3360","4103","3","1","2","876","413","463","409","148","261","636","248","388","6","2","4","3025","1194","1831","177","69","108","750","362","388","1581","923","658",,,,,"-2"
"164988","Boston University","2022","Part-time students, Undergraduate total","725","361","364","0","0","0","67","32","35","24","13","11","50","25","25","0","0","0","244","117","127","20","9","11","254","133","121","66","32","34",,,,,"-2"
"164988","Boston University","2022","Part-time students, Undergraduate, Degree/certificate-seeking total","253","124","129","0","0","0","32","18","14","7","4","3","23","12","11","0","0","0","101","46","55","14","3","11","24","14","10","52","27","25",,,,,"-2"
"164988","Boston University","2022","Part-time students, Undergraduate, Degree/certificate-seeking, First-time","1","0","1","0","0","0","0","0","0","0","0","0","0","0","0","0","0","0","1","0","1","0","0","0","0","0","0","0","0","0",,,,,"-2"
"164988","Boston University","2022","Part-time students, Undergraduate, Degree/certificate-seeking, Other degree/certificate-seeking","252","124","128","0","0","0","32","18","14","7","4","3","23","12","11","0","0","0","100","46","54","14","3","11","24","14","10","52","27","25",,,,,"-2"
"164988","Boston University","2022","Part-time students, Undergraduate, Non-degree/certificate-seeking","472","237","235","0","0","0","35","14","21","17","9","8","27","13","14","0","0","0","143","71","72","6","6","0","230","119","111","14","5","9",,,,,"-2"
"164988","Boston University","2022","Part-time students, Graduate","6738","2999","3739","3","1","2","809","381","428","385","135","250","586","223","363","6","2","4","2781","1077","1704","157","60","97","496","229","267","1515","891","624",,,,,"-2"
"164988","Boston University","2022","Part-time students, Undergraduate, Other degree/certificatee-seeking, Transfer-ins","1","0","1","0","0","0","0","0","0","0","0","0","1","0","1","0","0","0","0","0","0","0","0","0","0","0","0","0","0","0",,,,,"-2"
"164988","Boston University","2022","Part-time students, Undergraduate, Other degree/certificatee-seeking, Continuing","251","124","127","0","0","0","32","18","14","7","4","3","22","12","10","0","0","0","100","46","54","14","3","11","24","14","10","52","27","25",,,,,"-2"
"165334","Clark University","2022","All students total","3770","1711","2059","3","1","2","187","66","121","146","59","87","292","106","186","2","1","1","1782","735","1047","115","47","68","145","72","73","1098","624","474","3",,"3","3767","-2"
"165334","Clark University","2022","All students, Undergraduate total","2389","992","1397","3","1","2","162","54","108","112","43","69","241","84","157","2","1","1","1480","621","859","100","41","59","125","69","56","164","78","86","2",,"2","2387","-2"
"165334","Clark University","2022","All students, Undergraduate, Degree/certificate-seeking total","2363","979","1384","2","1","1","160","54","106","111","42","69","240","84","156","2","1","1","1477","620","857","98","40","58","115","63","52","158","74","84",,,,,"-2"
"165334","Clark University","2022","All students, Undergraduate, Degree/certificate-seeking, First-time","703","291","412","1","0","1","51","19","32","38","18","20","69","22","47","0","0","0","451","190","261","39","19","20","22","7","15","32","16","16",,,,,"-2"
"165334","Clark University","2022","All students, Undergraduate, Other degree/certificate-seeking","1660","688","972","1","1","0","109","35","74","73","24","49","171","62","109","2","1","1","1026","430","596","59","21","38","93","56","37","126","58","68",,,,,"-2"
"165334","Clark University","2022","All students, Undergraduate, Non-degree/certificate-seeking","26","13","13","1","0","1","2","0","2","1","1","0","1","0","1","0","0","0","3","1","2","2","1","1","10","6","4","6","4","2",,,,,"-2"
"165334","Clark University","2022","All students, Graduate","1381","719","662","0","0","0","25","12","13","34","16","18","51","22","29","0","0","0","302","114","188","15","6","9","20","3","17","934","546","388","1",,"1","1380","-2"
"165334","Clark University","2022","All students, Undergraduate, Other degree/certificatee-seeking, Transfer-ins","57","28","29","0","0","0","4","2","2","1","1","0","10","3","7","1","1","0","35","20","15","2","1","1","0","0","0","4","0","4",,,,,"-2"
"165334","Clark University","2022","All students, Undergraduate, Other degree/certificatee-seeking, Continuing","1603","660","943","1","1","0","105","33","72","72","23","49","161","59","102","1","0","1","991","410","581","57","20","37","93","56","37","122","58","64",,,,,"-2"
"165334","Clark University","2022","Full-time students total","3534","1601","1933","2","1","1","174","61","113","131","52","79","273","96","177","2","1","1","1682","697","985","110","46","64","126","64","62","1034","583","451",,,,,"-2"
"165334","Clark University","2022","Full-time students, Undergraduate total","2356","978","1378","2","1","1","157","54","103","111","42","69","240","84","156","2","1","1","1470","617","853","98","40","58","114","63","51","162","76","86",,,,,"-2"
"165334","Clark University","2022","Full-time students, Undergraduate, Degree/certificate-seeking total","2350","974","1376","2","1","1","157","54","103","111","42","69","240","84","156","2","1","1","1470","617","853","98","40","58","114","63","51","156","72","84",,,,,"-2"
"165334","Clark University","2022","Full-time students, Undergraduate, Degree/certificate-seeking, First-time","703","291","412","1","0","1","51","19","32","38","18","20","69","22","47","0","0","0","451","190","261","39","19","20","22","7","15","32","16","16",,,,,"-2"
"165334","Clark University","2022","Full-time students, Undergraduate, Degree/certificate-seeking, Other degree/certificate-seeking","1647","683","964","1","1","0","106","35","71","73","24","49","171","62","109","2","1","1","1019","427","592","59","21","38","92","56","36","124","56","68",,,,,"-2"
"165334","Clark University","2022","Full-time students, Undergraduate, Non-degree/certificate-seeking","6","4","2","0","0","0","0","0","0","0","0","0","0","0","0","0","0","0","0","0","0","0","0","0","0","0","0","6","4","2",,,,,"-2"
"165334","Clark University","2022","Full-time students, Graduate","1178","623","555","0","0","0","17","7","10","20","10","10","33","12","21","0","0","0","212","80","132","12","6","6","12","1","11","872","507","365",,,,,"-2"
"165334","Clark University","2022","Full-time students, Undergraduate, Other degree/certificatee-seeking, Transfer-ins","57","28","29","0","0","0","4","2","2","1","1","0","10","3","7","1","1","0","35","20","15","2","1","1","0","0","0","4","0","4",,,,,"-2"
"165334","Clark University","2022","Full-time students, Undergraduate, Other degree/certificatee-seeking, Continuing","1590","655","935","1","1","0","102","33","69","72","23","49","161","59","102","1","0","1","984","407","577","57","20","37","92","56","36","120","56","64",,,,,"-2"
"165334","Clark University","2022","Part-time students total","236","110","126","1","0","1","13","5","8","15","7","8","19","10","9","0","0","0","100","38","62","5","1","4","19","8","11","64","41","23",,,,,"-2"
"165334","Clark University","2022","Part-time students, Undergraduate total","33","14","19","1","0","1","5","0","5","1","1","0","1","0","1","0","0","0","10","4","6","2","1","1","11","6","5","2","2","0",,,,,"-2"
"165334","Clark University","2022","Part-time students, Undergraduate, Degree/certificate-seeking total","13","5","8","0","0","0","3","0","3","0","0","0","0","0","0","0","0","0","7","3","4","0","0","0","1","0","1","2","2","0",,,,,"-2"
"165334","Clark University","2022","Part-time students, Undergraduate, Degree/certificate-seeking, Other degree/certificate-seeking","13","5","8","0","0","0","3","0","3","0","0","0","0","0","0","0","0","0","7","3","4","0","0","0","1","0","1","2","2","0",,,,,"-2"
"165334","Clark University","2022","Part-time students, Undergraduate, Non-degree/certificate-seeking","20","9","11","1","0","1","2","0","2","1","1","0","1","0","1","0","0","0","3","1","2","2","1","1","10","6","4","0","0","0",,,,,"-2"
"165334","Clark University","2022","Part-time students, Graduate","203","96","107","0","0","0","8","5","3","14","6","8","18","10","8","0","0","0","90","34","56","3","0","3","8","2","6","62","39","23",,,,,"-2"
"165334","Clark University","2022","Part-time students, Undergraduate, Other degree/certificatee-seeking, Continuing","13","5","8","0","0","0","3","0","3","0","0","0","0","0","0","0","0","0","7","3","4","0","0","0","1","0","1","2","2","0",,,,,"-2"
"166629","University of Massachusetts-Amherst","2022","All students total","32229","15689","16540","25","9","16","3701","1794","1907","1466","614","852","2558","1092","1466","18","10","8","17869","8640","9229","1149","536","613","1273","617","656","4170","2377","1793","9",,"9","32220","-2"
"166629","University of Massachusetts-Amherst","2022","All students, Undergraduate total","24391","11843","12548","17","8","9","3097","1486","1611","1123","474","649","2053","884","1169","15","9","6","14400","7006","7394","990","475","515","885","421","464","1811","1080","731","7",,"7","24384","-2"
"166629","University of Massachusetts-Amherst","2022","All students, Undergraduate, Degree/certificate-seeking total","24111","11727","12384","17","8","9","3084","1480","1604","1117","471","646","2035","881","1154","15","9","6","14300","6955","7345","980","473","507","830","407","423","1733","1043","690",,,,,"-2"
"166629","University of Massachusetts-Amherst","2022","All students, Undergraduate, Degree/certificate-seeking, First-time","5589","2577","3012","4","3","1","867","371","496","222","96","126","452","195","257","4","2","2","3164","1451","1713","261","107","154","114","61","53","501","291","210",,,,,"-2"
"166629","University of Massachusetts-Amherst","2022","All students, Undergraduate, Other degree/certificate-seeking","18522","9150","9372","13","5","8","2217","1109","1108","895","375","520","1583","686","897","11","7","4","11136","5504","5632","719","366","353","716","346","370","1232","752","480",,,,,"-2"
"166629","University of Massachusetts-Amherst","2022","All students, Undergraduate, Non-degree/certificate-seeking","280","116","164","0","0","0","13","6","7","6","3","3","18","3","15","0","0","0","100","51","49","10","2","8","55","14","41","78","37","41",,,,,"-2"
"166629","University of Massachusetts-Amherst","2022","All students, Graduate","7838","3846","3992","8","1","7","604","308","296","343","140","203","505","208","297","3","1","2","3469","1634","1835","159","61","98","388","196","192","2359","1297","1062","2",,"2","7836","-2"
"166629","University of Massachusetts-Amherst","2022","All students, Undergraduate, Other degree/certificatee-seeking, Transfer-ins","1238","656","582","0","0","0","103","61","42","69","29","40","122","55","67","0","0","0","752","404","348","59","33","26","101","55","46","32","19","13",,,,,"-2"
"166629","University of Massachusetts-Amherst","2022","All students, Undergraduate, Other degree/certificatee-seeking, Continuing","17284","8494","8790","13","5","8","2114","1048","1066","826","346","480","1461","631","830","11","7","4","10384","5100","5284","660","333","327","615","291","324","1200","733","467",,,,,"-2"
"166629","University of Massachusetts-Amherst","2022","Full-time students total","25768","12566","13202","18","8","10","3177","1511","1666","1181","505","676","2049","889","1160","15","8","7","14632","7136","7496","994","472","522","730","368","362","2972","1669","1303",,,,,"-2"
"166629","University of Massachusetts-Amherst","2022","Full-time students, Undergraduate total","22920","11189","11731","16","8","8","3012","1436","1576","1048","446","602","1898","823","1075","14","8","6","13607","6654","6953","933","445","488","639","325","314","1753","1044","709",,,,,"-2"
"166629","University of Massachusetts-Amherst","2022","Full-time students, Undergraduate, Degree/certificate-seeking total","22829","11152","11677","16","8","8","3010","1435","1575","1047","445","602","1896","822","1074","14","8","6","13593","6645","6948","933","445","488","620","322","298","1700","1022","678",,,,,"-2"
"166629","University of Massachusetts-Amherst","2022","Full-time students, Undergraduate, Degree/certificate-seeking, First-time","5580","2574","3006","4","3","1","866","371","495","221","95","126","452","195","257","3","1","2","3161","1451","1710","261","107","154","112","60","52","500","291","209",,,,,"-2"
"166629","University of Massachusetts-Amherst","2022","Full-time students, Undergraduate, Degree/certificate-seeking, Other degree/certificate-seeking","17249","8578","8671","12","5","7","2144","1064","1080","826","350","476","1444","627","817","11","7","4","10432","5194","5238","672","338","334","508","262","246","1200","731","469",,,,,"-2"
"166629","University of Massachusetts-Amherst","2022","Full-time students, Undergraduate, Non-degree/certificate-seeking","91","37","54","0","0","0","2","1","1","1","1","0","2","1","1","0","0","0","14","9","5","0","0","0","19","3","16","53","22","31",,,,,"-2"
"166629","University of Massachusetts-Amherst","2022","Full-time students, Graduate","2848","1377","1471","2","0","2","165","75","90","133","59","74","151","66","85","1","0","1","1025","482","543","61","27","34","91","43","48","1219","625","594",,,,,"-2"
"166629","University of Massachusetts-Amherst","2022","Full-time students, Undergraduate, Other degree/certificatee-seeking, Transfer-ins","1059","593","466","0","0","0","96","60","36","57","26","31","96","44","52","0","0","0","667","378","289","50","28","22","62","39","23","31","18","13",,,,,"-2"
"166629","University of Massachusetts-Amherst","2022","Full-time students, Undergraduate, Other degree/certificatee-seeking, Continuing","16190","7985","8205","12","5","7","2048","1004","1044","769","324","445","1348","583","765","11","7","4","9765","4816","4949","622","310","312","446","223","223","1169","713","456",,,,,"-2"
"166629","University of Massachusetts-Amherst","2022","Part-time students total","6461","3123","3338","7","1","6","524","283","241","285","109","176","509","203","306","3","2","1","3237","1504","1733","155","64","91","543","249","294","1198","708","490",,,,,"-2"
"166629","University of Massachusetts-Amherst","2022","Part-time students, Undergraduate total","1471","654","817","1","0","1","85","50","35","75","28","47","155","61","94","1","1","0","793","352","441","57","30","27","246","96","150","58","36","22",,,,,"-2"
"166629","University of Massachusetts-Amherst","2022","Part-time students, Undergraduate, Degree/certificate-seeking total","1282","575","707","1","0","1","74","45","29","70","26","44","139","59","80","1","1","0","707","310","397","47","28","19","210","85","125","33","21","12",,,,,"-2"
"166629","University of Massachusetts-Amherst","2022","Part-time students, Undergraduate, Degree/certificate-seeking, First-time","9","3","6","0","0","0","1","0","1","1","1","0","0","0","0","1","1","0","3","0","3","0","0","0","2","1","1","1","0","1",,,,,"-2"
"166629","University of Massachusetts-Amherst","2022","Part-time students, Undergraduate, Degree/certificate-seeking, Other degree/certificate-seeking","1273","572","701","1","0","1","73","45","28","69","25","44","139","59","80","0","0","0","704","310","394","47","28","19","208","84","124","32","21","11",,,,,"-2"
"166629","University of Massachusetts-Amherst","2022","Part-time students, Undergraduate, Non-degree/certificate-seeking","189","79","110","0","0","0","11","5","6","5","2","3","16","2","14","0","0","0","86","42","44","10","2","8","36","11","25","25","15","10",,,,,"-2"
"166629","University of Massachusetts-Amherst","2022","Part-time students, Graduate","4990","2469","2521","6","1","5","439","233","206","210","81","129","354","142","212","2","1","1","2444","1152","1292","98","34","64","297","153","144","1140","672","468",,,,,"-2"
"166629","University of Massachusetts-Amherst","2022","Part-time students, Undergraduate, Other degree/certificatee-seeking, Transfer-ins","179","63","116","0","0","0","7","1","6","12","3","9","26","11","15","0","0","0","85","26","59","9","5","4","39","16","23","1","1","0",,,,,"-2"
"166629","University of Massachusetts-Amherst","2022","Part-time students, Undergraduate, Other degree/certificatee-seeking, Continuing","1094","509","585","1","0","1","66","44","22","57","22","35","113","48","65","0","0","0","619","284","335","38","23","15","169","68","101","31","20","11",,,,,"-2"
"166683","Massachusetts Institute of Technology","2022","All students total","11858","6784","5074","11","8","3","2474","1116","1358","574","347","227","1188","771","417","3","2","1","3023","1713","1310","610","321","289","462","235","227","3513","2271","1242","0",,"0","11858","-2"
"166683","Massachusetts Institute of Technology","2022","All students, Undergraduate total","4657","2413","2244","8","5","3","1581","640","941","362","236","126","687","448","239","2","2","0","1024","523","501","345","195","150","118","40","78","530","324","206","0",,"0","4657","-2"
"166683","Massachusetts Institute of Technology","2022","All students, Undergraduate, Degree/certificate-seeking total","4638","2401","2237","8","5","3","1581","640","941","362","236","126","687","448","239","2","2","0","1024","523","501","345","195","150","118","40","78","511","312","199",,,,,"-2"
"166683","Massachusetts Institute of Technology","2022","All students, Undergraduate, Degree/certificate-seeking, First-time","1136","582","554","2","2","0","400","168","232","94","58","36","163","109","54","0","0","0","236","118","118","70","38","32","47","19","28","124","70","54",,,,,"-2"
"166683","Massachusetts Institute of Technology","2022","All students, Undergraduate, Other degree/certificate-seeking","3502","1819","1683","6","3","3","1181","472","709","268","178","90","524","339","185","2","2","0","788","405","383","275","157","118","71","21","50","387","242","145",,,,,"-2"
"166683","Massachusetts Institute of Technology","2022","All students, Undergraduate, Non-degree/certificate-seeking","19","12","7","0","0","0","0","0","0","0","0","0","0","0","0","0","0","0","0","0","0","0","0","0","0","0","0","19","12","7",,,,,"-2"
"166683","Massachusetts Institute of Technology","2022","All students, Graduate","7201","4371","2830","3","3","0","893","476","417","212","111","101","501","323","178","1","0","1","1999","1190","809","265","126","139","344","195","149","2983","1947","1036","0",,"0","7201","-2"
"166683","Massachusetts Institute of Technology","2022","All students, Undergraduate, Other degree/certificatee-seeking, Transfer-ins","21","14","7","0","0","0","4","2","2","0","0","0","3","0","3","0","0","0","0","0","0","1","1","0","2","1","1","11","10","1",,,,,"-2"
"166683","Massachusetts Institute of Technology","2022","All students, Undergraduate, Other degree/certificatee-seeking, Continuing","3481","1805","1676","6","3","3","1177","470","707","268","178","90","521","339","182","2","2","0","788","405","383","274","156","118","69","20","49","376","232","144",,,,,"-2"
"166683","Massachusetts Institute of Technology","2022","Full-time students total","11625","6622","5003","11","8","3","2434","1093","1341","567","342","225","1169","756","413","3","2","1","2933","1645","1288","602","317","285","452","229","223","3454","2230","1224",,,,,"-2"
"166683","Massachusetts Institute of Technology","2022","Full-time students, Undergraduate total","4601","2378","2223","8","5","3","1562","628","934","357","233","124","680","441","239","2","2","0","1004","511","493","342","194","148","118","40","78","528","324","204",,,,,"-2"
"166683","Massachusetts Institute of Technology","2022","Full-time students, Undergraduate, Degree/certificate-seeking total","4582","2366","2216","8","5","3","1562","628","934","357","233","124","680","441","239","2","2","0","1004","511","493","342","194","148","118","40","78","509","312","197",,,,,"-2"
"166683","Massachusetts Institute of Technology","2022","Full-time students, Undergraduate, Degree/certificate-seeking, First-time","1136","582","554","2","2","0","400","168","232","94","58","36","163","109","54","0","0","0","236","118","118","70","38","32","47","19","28","124","70","54",,,,,"-2"
"166683","Massachusetts Institute of Technology","2022","Full-time students, Undergraduate, Degree/certificate-seeking, Other degree/certificate-seeking","3446","1784","1662","6","3","3","1162","460","702","263","175","88","517","332","185","2","2","0","768","393","375","272","156","116","71","21","50","385","242","143",,,,,"-2"
"166683","Massachusetts Institute of Technology","2022","Full-time students, Undergraduate, Non-degree/certificate-seeking","19","12","7","0","0","0","0","0","0","0","0","0","0","0","0","0","0","0","0","0","0","0","0","0","0","0","0","19","12","7",,,,,"-2"
"166683","Massachusetts Institute of Technology","2022","Full-time students, Graduate","7024","4244","2780","3","3","0","872","465","407","210","109","101","489","315","174","1","0","1","1929","1134","795","260","123","137","334","189","145","2926","1906","1020",,,,,"-2"
"166683","Massachusetts Institute of Technology","2022","Full-time students, Undergraduate, Other degree/certificatee-seeking, Transfer-ins","21","14","7","0","0","0","4","2","2","0","0","0","3","0","3","0","0","0","0","0","0","1","1","0","2","1","1","11","10","1",,,,,"-2"
"166683","Massachusetts Institute of Technology","2022","Full-time students, Undergraduate, Other degree/certificatee-seeking, Continuing","3425","1770","1655","6","3","3","1158","458","700","263","175","88","514","332","182","2","2","0","768","393","375","271","155","116","69","20","49","374","232","142",,,,,"-2"
"166683","Massachusetts Institute of Technology","2022","Part-time students total","233","162","71","0","0","0","40","23","17","7","5","2","19","15","4","0","0","0","90","68","22","8","4","4","10","6","4","59","41","18",,,,,"-2"
"166683","Massachusetts Institute of Technology","2022","Part-time students, Undergraduate total","56","35","21","0","0","0","19","12","7","5","3","2","7","7","0","0","0","0","20","12","8","3","1","2","0","0","0","2","0","2",,,,,"-2"
"166683","Massachusetts Institute of Technology","2022","Part-time students, Undergraduate, Degree/certificate-seeking total","56","35","21","0","0","0","19","12","7","5","3","2","7","7","0","0","0","0","20","12","8","3","1","2","0","0","0","2","0","2",,,,,"-2"
"166683","Massachusetts Institute of Technology","2022","Part-time students, Undergraduate, Degree/certificate-seeking, Other degree/certificate-seeking","56","35","21","0","0","0","19","12","7","5","3","2","7","7","0","0","0","0","20","12","8","3","1","2","0","0","0","2","0","2",,,,,"-2"
"166683","Massachusetts Institute of Technology","2022","Part-time students, Graduate","177","127","50","0","0","0","21","11","10","2","2","0","12","8","4","0","0","0","70","56","14","5","3","2","10","6","4","57","41","16",,,,,"-2"
"166683","Massachusetts Institute of Technology","2022","Part-time students, Undergraduate, Other degree/certificatee-seeking, Continuing","56","35","21","0","0","0","19","12","7","5","3","2","7","7","0","0","0","0","20","12","8","3","1","2","0","0","0","2","0","2",,,,,"-2"
"167288","Massachusetts College of Liberal Arts","2022","All students total","938","390","548","3","1","2","24","7","17","86","50","36","95","50","45","2","0","2","642","248","394","37","14","23","49","20","29","0","0","0","19","0","19","919","-2"
"167288","Massachusetts College of Liberal Arts","2022","All students, Undergraduate total","838","356","482","3","1","2","22","5","17","83","49","34","86","49","37","2","0","2","566","218","348","34","14","20","42","20","22","0","0","0","15","0","15","823","-2"
"167288","Massachusetts College of Liberal Arts","2022","All students, Undergraduate, Degree/certificate-seeking total","760","328","432","2","0","2","20","5","15","82","49","33","81","46","35","2","0","2","518","205","313","30","14","16","25","9","16","0","0","0",,,,,"-2"
"167288","Massachusetts College of Liberal Arts","2022","All students, Undergraduate, Degree/certificate-seeking, First-time","177","81","96","0","0","0","6","1","5","25","15","10","18","13","5","1","0","1","114","45","69","8","5","3","5","2","3","0","0","0",,,,,"-2"
"167288","Massachusetts College of Liberal Arts","2022","All students, Undergraduate, Other degree/certificate-seeking","583","247","336","2","0","2","14","4","10","57","34","23","63","33","30","1","0","1","404","160","244","22","9","13","20","7","13","0","0","0",,,,,"-2"
"167288","Massachusetts College of Liberal Arts","2022","All students, Undergraduate, Non-degree/certificate-seeking","78","28","50","1","1","0","2","0","2","1","0","1","5","3","2","0","0","0","48","13","35","4","0","4","17","11","6","0","0","0",,,,,"-2"
"167288","Massachusetts College of Liberal Arts","2022","All students, Graduate","100","34","66","0","0","0","2","2","0","3","1","2","9","1","8","0","0","0","76","30","46","3","0","3","7","0","7","0","0","0","4","0","4","96","-2"
"167288","Massachusetts College of Liberal Arts","2022","All students, Undergraduate, Other degree/certificatee-seeking, Transfer-ins","79","40","39","0","0","0","4","1","3","8","7","1","8","6","2","0","0","0","48","19","29","8","6","2","3","1","2","0","0","0",,,,,"-2"
"167288","Massachusetts College of Liberal Arts","2022","All students, Undergraduate, Other degree/certificatee-seeking, Continuing","504","207","297","2","0","2","10","3","7","49","27","22","55","27","28","1","0","1","356","141","215","14","3","11","17","6","11","0","0","0",,,,,"-2"
"167288","Massachusetts College of Liberal Arts","2022","Full-time students total","735","323","412","1","0","1","21","7","14","79","47","32","82","44","38","1","0","1","504","207","297","24","11","13","23","7","16","0","0","0",,,,,"-2"
"167288","Massachusetts College of Liberal Arts","2022","Full-time students, Undergraduate total","682","305","377","1","0","1","19","5","14","77","47","30","78","44","34","1","0","1","463","191","272","23","11","12","20","7","13","0","0","0",,,,,"-2"
"167288","Massachusetts College of Liberal Arts","2022","Full-time students, Undergraduate, Degree/certificate-seeking total","679","304","375","1","0","1","19","5","14","77","47","30","78","44","34","1","0","1","461","190","271","23","11","12","19","7","12","0","0","0",,,,,"-2"
"167288","Massachusetts College of Liberal Arts","2022","Full-time students, Undergraduate, Degree/certificate-seeking, First-time","177","81","96","0","0","0","6","1","5","25","15","10","18","13","5","1","0","1","114","45","69","8","5","3","5","2","3","0","0","0",,,,,"-2"
"167288","Massachusetts College of Liberal Arts","2022","Full-time students, Undergraduate, Degree/certificate-seeking, Other degree/certificate-seeking","502","223","279","1","0","1","13","4","9","52","32","20","60","31","29","0","0","0","347","145","202","15","6","9","14","5","9","0","0","0",,,,,"-2"
"167288","Massachusetts College of Liberal Arts","2022","Full-time students, Undergraduate, Non-degree/certificate-seeking","3","1","2","0","0","0","0","0","0","0","0","0","0","0","0","0","0","0","2","1","1","0","0","0","1","0","1","0","0","0",,,,,"-2"
"167288","Massachusetts College of Liberal Arts","2022","Full-time students, Graduate","53","18","35","0","0","0","2","2","0","2","0","2","4","0","4","0","0","0","41","16","25","1","0","1","3","0","3","0","0","0",,,,,"-2"
"167288","Massachusetts College of Liberal Arts","2022","Full-time students, Undergraduate, Other degree/certificatee-seeking, Transfer-ins","64","33","31","0","0","0","4","1","3","8","7","1","7","5","2","0","0","0","36","15","21","7","5","2","2","0","2","0","0","0",,,,,"-2"
"167288","Massachusetts College of Liberal Arts","2022","Full-time students, Undergraduate, Other degree/certificatee-seeking, Continuing","438","190","248","1","0","1","9","3","6","44","25","19","53","26","27","0","0","0","311","130","181","8","1","7","12","5","7","0","0","0",,,,,"-2"
"167288","Massachusetts College of Liberal Arts","2022","Part-time students total","203","67","136","2","1","1","3","0","3","7","3","4","13","6","7","1","0","1","138","41","97","13","3","10","26","13","13","0","0","0",,,,,"-2"
"167288","Massachusetts College of Liberal Arts","2022","Part-time students, Undergraduate total","156","51","105","2","1","1","3","0","3","6","2","4","8","5","3","1","0","1","103","27","76","11","3","8","22","13","9","0","0","0",,,,,"-2"
"167288","Massachusetts College of Liberal Arts","2022","Part-time students, Undergraduate, Degree/certificate-seeking total","81","24","57","1","0","1","1","0","1","5","2","3","3","2","1","1","0","1","57","15","42","7","3","4","6","2","4","0","0","0",,,,,"-2"
"167288","Massachusetts College of Liberal Arts","2022","Part-time students, Undergraduate, Degree/certificate-seeking, Other degree/certificate-seeking","81","24","57","1","0","1","1","0","1","5","2","3","3","2","1","1","0","1","57","15","42","7","3","4","6","2","4","0","0","0",,,,,"-2"
"167288","Massachusetts College of Liberal Arts","2022","Part-time students, Undergraduate, Non-degree/certificate-seeking","75","27","48","1","1","0","2","0","2","1","0","1","5","3","2","0","0","0","46","12","34","4","0","4","16","11","5","0","0","0",,,,,"-2"
"167288","Massachusetts College of Liberal Arts","2022","Part-time students, Graduate","47","16","31","0","0","0","0","0","0","1","1","0","5","1","4","0","0","0","35","14","21","2","0","2","4","0","4","0","0","0",,,,,"-2"
"167288","Massachusetts College of Liberal Arts","2022","Part-time students, Undergraduate, Other degree/certificatee-seeking, Transfer-ins","15","7","8","0","0","0","0","0","0","0","0","0","1","1","0","0","0","0","12","4","8","1","1","0","1","1","0","0","0","0",,,,,"-2"
"167288","Massachusetts College of Liberal Arts","2022","Part-time students, Undergraduate, Other degree/certificatee-seeking, Continuing","66","17","49","1","0","1","1","0","1","5","2","3","2","1","1","1","0","1","45","11","34","6","2","4","5","1","4","0","0","0",,,,,"-2"
"167358","Northeastern University","2022","All students total","30013","14266","15747","12","4","8","4092","1687","2405","1258","390","868","2296","913","1383","4","2","2","9865","4425","5440","1283","525","758","396","196","200","10807","6124","4683","79",,"79","29934","-2"
"167358","Northeastern University","2022","All students, Undergraduate total","16302","7153","9149","9","3","6","3139","1278","1861","896","268","628","1843","728","1115","3","1","2","6843","3097","3746","1049","427","622","218","104","114","2302","1247","1055","31",,"31","16271","-2"
"167358","Northeastern University","2022","All students, Undergraduate, Degree/certificate-seeking total","16172","7100","9072","9","3","6","3137","1277","1860","896","268","628","1840","725","1115","3","1","2","6835","3092","3743","1049","427","622","208","99","109","2195","1208","987",,,,,"-2"
"167358","Northeastern University","2022","All students, Undergraduate, Degree/certificate-seeking, First-time","2519","903","1616","4","0","4","570","209","361","165","41","124","352","106","246","1","0","1","943","338","605","180","59","121","25","8","17","279","142","137",,,,,"-2"
"167358","Northeastern University","2022","All students, Undergraduate, Other degree/certificate-seeking","13653","6197","7456","5","3","2","2567","1068","1499","731","227","504","1488","619","869","2","1","1","5892","2754","3138","869","368","501","183","91","92","1916","1066","850",,,,,"-2"
"167358","Northeastern University","2022","All students, Undergraduate, Non-degree/certificate-seeking","130","53","77","0","0","0","2","1","1","0","0","0","3","3","0","0","0","0","8","5","3","0","0","0","10","5","5","107","39","68",,,,,"-2"
"167358","Northeastern University","2022","All students, Graduate","13711","7113","6598","3","1","2","953","409","544","362","122","240","453","185","268","1","1","0","3022","1328","1694","234","98","136","178","92","86","8505","4877","3628","48",,"48","13663","-2"
"167358","Northeastern University","2022","All students, Undergraduate, Other degree/certificatee-seeking, Transfer-ins","700","380","320","0","0","0","89","50","39","24","7","17","69","28","41","0","0","0","194","103","91","21","10","11","10","5","5","293","177","116",,,,,"-2"
"167358","Northeastern University","2022","All students, Undergraduate, Other degree/certificatee-seeking, Continuing","12953","5817","7136","5","3","2","2478","1018","1460","707","220","487","1419","591","828","2","1","1","5698","2651","3047","848","358","490","173","86","87","1623","889","734",,,,,"-2"
"167358","Northeastern University","2022","Full-time students total","28848","13704","15144","11","3","8","3933","1611","2322","1164","350","814","2203","866","1337","4","2","2","9231","4118","5113","1248","508","740","329","167","162","10725","6079","4646",,,,,"-2"
"167358","Northeastern University","2022","Full-time students, Undergraduate total","16278","7138","9140","9","3","6","3138","1277","1861","896","268","628","1840","725","1115","3","1","2","6835","3092","3743","1049","427","622","209","100","109","2299","1245","1054",,,,,"-2"
"167358","Northeastern University","2022","Full-time students, Undergraduate, Degree/certificate-seeking total","16172","7100","9072","9","3","6","3137","1277","1860","896","268","628","1840","725","1115","3","1","2","6835","3092","3743","1049","427","622","208","99","109","2195","1208","987",,,,,"-2"
"167358","Northeastern University","2022","Full-time students, Undergraduate, Degree/certificate-seeking, First-time","2519","903","1616","4","0","4","570","209","361","165","41","124","352","106","246","1","0","1","943","338","605","180","59","121","25","8","17","279","142","137",,,,,"-2"
"167358","Northeastern University","2022","Full-time students, Undergraduate, Degree/certificate-seeking, Other degree/certificate-seeking","13653","6197","7456","5","3","2","2567","1068","1499","731","227","504","1488","619","869","2","1","1","5892","2754","3138","869","368","501","183","91","92","1916","1066","850",,,,,"-2"
"167358","Northeastern University","2022","Full-time students, Undergraduate, Non-degree/certificate-seeking","106","38","68","0","0","0","1","0","1","0","0","0","0","0","0","0","0","0","0","0","0","0","0","0","1","1","0","104","37","67",,,,,"-2"
"167358","Northeastern University","2022","Full-time students, Graduate","12570","6566","6004","2","0","2","795","334","461","268","82","186","363","141","222","1","1","0","2396","1026","1370","199","81","118","120","67","53","8426","4834","3592",,,,,"-2"
"167358","Northeastern University","2022","Full-time students, Undergraduate, Other degree/certificatee-seeking, Transfer-ins","700","380","320","0","0","0","89","50","39","24","7","17","69","28","41","0","0","0","194","103","91","21","10","11","10","5","5","293","177","116",,,,,"-2"
"167358","Northeastern University","2022","Full-time students, Undergraduate, Other degree/certificatee-seeking, Continuing","12953","5817","7136","5","3","2","2478","1018","1460","707","220","487","1419","591","828","2","1","1","5698","2651","3047","848","358","490","173","86","87","1623","889","734",,,,,"-2"
"167358","Northeastern University","2022","Part-time students total","1165","562","603","1","1","0","159","76","83","94","40","54","93","47","46","0","0","0","634","307","327","35","17","18","67","29","38","82","45","37",,,,,"-2"
"167358","Northeastern University","2022","Part-time students, Undergraduate total","24","15","9","0","0","0","1","1","0","0","0","0","3","3","0","0","0","0","8","5","3","0","0","0","9","4","5","3","2","1",,,,,"-2"
"167358","Northeastern University","2022","Part-time students, Undergraduate, Non-degree/certificate-seeking","24","15","9","0","0","0","1","1","0","0","0","0","3","3","0","0","0","0","8","5","3","0","0","0","9","4","5","3","2","1",,,,,"-2"
"167358","Northeastern University","2022","Part-time students, Graduate","1141","547","594","1","1","0","158","75","83","94","40","54","90","44","46","0","0","0","626","302","324","35","17","18","58","25","33","79","43","36",,,,,"-2"
"167783","Simmons University","2022","All students total","5710","440","5270","5","0","5","347","19","328","501","43","458","524","23","501","1","0","1","2877","217","2660","128","7","121","1233","123","1110","94","8","86","274","5","279","5431","-2"
"167783","Simmons University","2022","All students, Undergraduate total","1788","0","1788","1","0","1","209","0","209","167","0","167","266","0","266","0","0","0","933","0","933","55","0","55","123","0","123","34","0","34","11","0","11","1777","-2"
"167783","Simmons University","2022","All students, Undergraduate, Degree/certificate-seeking total","1786","0","1786","1","0","1","209","0","209","166","0","166","266","0","266","0","0","0","932","0","932","55","0","55","123","0","123","34","0","34",,,,,"-2"
"167783","Simmons University","2022","All students, Undergraduate, Degree/certificate-seeking, First-time","395","0","395","1","0","1","46","0","46","24","0","24","55","0","55","0","0","0","225","0","225","10","0","10","9","0","9","25","0","25",,,,,"-2"
"167783","Simmons University","2022","All students, Undergraduate, Other degree/certificate-seeking","1391","0","1391","0","0","0","163","0","163","142","0","142","211","0","211","0","0","0","707","0","707","45","0","45","114","0","114","9","0","9",,,,,"-2"
"167783","Simmons University","2022","All students, Undergraduate, Non-degree/certificate-seeking","2","0","2","0","0","0","0","0","0","1","0","1","0","0","0","0","0","0","1","0","1","0","0","0","0","0","0","0","0","0",,,,,"-2"
"167783","Simmons University","2022","All students, Graduate","3922","440","3482","4","0","4","138","19","119","334","43","291","258","23","235","1","0","1","1944","217","1727","73","7","66","1110","123","987","60","8","52","263","5","268","3654","-2"
"167783","Simmons University","2022","All students, Undergraduate, Other degree/certificatee-seeking, Transfer-ins","120","0","120","0","0","0","3","0","3","17","0","17","14","0","14","0","0","0","48","0","48","2","0","2","34","0","34","2","0","2",,,,,"-2"
"167783","Simmons University","2022","All students, Undergraduate, Other degree/certificatee-seeking, Continuing","1271","0","1271","0","0","0","160","0","160","125","0","125","197","0","197","0","0","0","659","0","659","43","0","43","80","0","80","7","0","7",,,,,"-2"
"167783","Simmons University","2022","Full-time students total","3034","173","2861","2","0","2","247","9","238","269","16","253","350","9","341","1","0","1","1634","88","1546","81","5","76","407","46","361","43","0","43",,,,,"-2"
"167783","Simmons University","2022","Full-time students, Undergraduate total","1601","0","1601","1","0","1","197","0","197","142","0","142","249","0","249","0","0","0","861","0","861","51","0","51","67","0","67","33","0","33",,,,,"-2"
"167783","Simmons University","2022","Full-time students, Undergraduate, Degree/certificate-seeking total","1600","0","1600","1","0","1","197","0","197","141","0","141","249","0","249","0","0","0","861","0","861","51","0","51","67","0","67","33","0","33",,,,,"-2"
"167783","Simmons University","2022","Full-time students, Undergraduate, Degree/certificate-seeking, First-time","395","0","395","1","0","1","46","0","46","24","0","24","55","0","55","0","0","0","225","0","225","10","0","10","9","0","9","25","0","25",,,,,"-2"
"167783","Simmons University","2022","Full-time students, Undergraduate, Degree/certificate-seeking, Other degree/certificate-seeking","1205","0","1205","0","0","0","151","0","151","117","0","117","194","0","194","0","0","0","636","0","636","41","0","41","58","0","58","8","0","8",,,,,"-2"
"167783","Simmons University","2022","Full-time students, Undergraduate, Non-degree/certificate-seeking","1","0","1","0","0","0","0","0","0","1","0","1","0","0","0","0","0","0","0","0","0","0","0","0","0","0","0","0","0","0",,,,,"-2"
"167783","Simmons University","2022","Full-time students, Graduate","1433","173","1260","1","0","1","50","9","41","127","16","111","101","9","92","1","0","1","773","88","685","30","5","25","340","46","294","10","0","10",,,,,"-2"
"167783","Simmons University","2022","Full-time students, Undergraduate, Other degree/certificatee-seeking, Transfer-ins","78","0","78","0","0","0","2","0","2","10","0","10","12","0","12","0","0","0","40","0","40","2","0","2","10","0","10","2","0","2",,,,,"-2"
"167783","Simmons University","2022","Full-time students, Undergraduate, Other degree/certificatee-seeking, Continuing","1127","0","1127","0","0","0","149","0","149","107","0","107","182","0","182","0","0","0","596","0","596","39","0","39","48","0","48","6","0","6",,,,,"-2"
"167783","Simmons University","2022","Part-time students total","2676","267","2409","3","0","3","100","10","90","232","27","205","174","14","160","0","0","0","1243","129","1114","47","2","45","826","77","749","51","8","43",,,,,"-2"
"167783","Simmons University","2022","Part-time students, Undergraduate total","187","0","187","0","0","0","12","0","12","25","0","25","17","0","17","0","0","0","72","0","72","4","0","4","56","0","56","1","0","1",,,,,"-2"
"167783","Simmons University","2022","Part-time students, Undergraduate, Degree/certificate-seeking total","186","0","186","0","0","0","12","0","12","25","0","25","17","0","17","0","0","0","71","0","71","4","0","4","56","0","56","1","0","1",,,,,"-2"
"167783","Simmons University","2022","Part-time students, Undergraduate, Degree/certificate-seeking, Other degree/certificate-seeking","186","0","186","0","0","0","12","0","12","25","0","25","17","0","17","0","0","0","71","0","71","4","0","4","56","0","56","1","0","1",,,,,"-2"
"167783","Simmons University","2022","Part-time students, Undergraduate, Non-degree/certificate-seeking","1","0","1","0","0","0","0","0","0","0","0","0","0","0","0","0","0","0","1","0","1","0","0","0","0","0","0","0","0","0",,,,,"-2"
"167783","Simmons University","2022","Part-time students, Graduate","2489","267","2222","3","0","3","88","10","78","207","27","180","157","14","143","0","0","0","1171","129","1042","43","2","41","770","77","693","50","8","42",,,,,"-2"
"167783","Simmons University","2022","Part-time students, Undergraduate, Other degree/certificatee-seeking, Transfer-ins","42","0","42","0","0","0","1","0","1","7","0","7","2","0","2","0","0","0","8","0","8","0","0","0","24","0","24","0","0","0",,,,,"-2"
"167783","Simmons University","2022","Part-time students, Undergraduate, Other degree/certificatee-seeking, Continuing","144","0","144","0","0","0","11","0","11","18","0","18","15","0","15","0","0","0","63","0","63","4","0","4","32","0","32","1","0","1",,,,,"-2"
"170976","University of Michigan-Ann Arbor","2022","All students total","51225","24739","26486","82","35","47","7792","3819","3973","2201","816","1385","3918","1750","2168","28","15","13","23947","10955","12992","2213","965","1248","2164","1148","1016","8880","5236","3644","0",,"0","51225","-2"
"170976","University of Michigan-Ann Arbor","2022","All students, Undergraduate total","32695","15580","17115","40","16","24","5857","2897","2960","1334","498","836","2705","1209","1496","18","10","8","16653","7745","8908","1645","712","933","1577","839","738","2866","1654","1212","0",,"0","32695","-2"
"170976","University of Michigan-Ann Arbor","2022","All students, Undergraduate, Degree/certificate-seeking total","32448","15450","16998","39","16","23","5843","2893","2950","1330","498","832","2696","1203","1493","18","10","8","16595","7712","8883","1644","712","932","1568","835","733","2715","1571","1144",,,,,"-2"
"170976","University of Michigan-Ann Arbor","2022","All students, Undergraduate, Degree/certificate-seeking, First-time","7050","3069","3981","8","4","4","1416","648","768","338","98","240","846","339","507","7","3","4","3418","1508","1910","387","143","244","332","167","165","298","159","139",,,,,"-2"
"170976","University of Michigan-Ann Arbor","2022","All students, Undergraduate, Other degree/certificate-seeking","25398","12381","13017","31","12","19","4427","2245","2182","992","400","592","1850","864","986","11","7","4","13177","6204","6973","1257","569","688","1236","668","568","2417","1412","1005",,,,,"-2"
"170976","University of Michigan-Ann Arbor","2022","All students, Undergraduate, Non-degree/certificate-seeking","247","130","117","1","0","1","14","4","10","4","0","4","9","6","3","0","0","0","58","33","25","1","0","1","9","4","5","151","83","68",,,,,"-2"
"170976","University of Michigan-Ann Arbor","2022","All students, Graduate","18530","9159","9371","42","19","23","1935","922","1013","867","318","549","1213","541","672","10","5","5","7294","3210","4084","568","253","315","587","309","278","6014","3582","2432","0",,"0","18530","-2"
"170976","University of Michigan-Ann Arbor","2022","All students, Undergraduate, Other degree/certificatee-seeking, Transfer-ins","1342","704","638","0","0","0","171","96","75","43","17","26","81","41","40","1","1","0","483","224","259","52","22","30","27","15","12","484","288","196",,,,,"-2"
"170976","University of Michigan-Ann Arbor","2022","All students, Undergraduate, Other degree/certificatee-seeking, Continuing","24056","11677","12379","31","12","19","4256","2149","2107","949","383","566","1769","823","946","10","6","4","12694","5980","6714","1205","547","658","1209","653","556","1933","1124","809",,,,,"-2"
"170976","University of Michigan-Ann Arbor","2022","Full-time students total","47345","22517","24828","74","33","41","7250","3487","3763","2055","756","1299","3702","1634","2068","24","12","12","22053","9949","12104","2088","902","1186","1951","1014","937","8148","4730","3418",,,,,"-2"
"170976","University of Michigan-Ann Arbor","2022","Full-time students, Undergraduate total","31319","14802","16517","38","16","22","5600","2745","2855","1287","478","809","2631","1162","1469","18","10","8","15881","7316","8565","1584","677","907","1467","775","692","2813","1623","1190",,,,,"-2"
"170976","University of Michigan-Ann Arbor","2022","Full-time students, Undergraduate, Degree/certificate-seeking total","31148","14705","16443","38","16","22","5598","2744","2854","1287","478","809","2627","1160","1467","18","10","8","15871","7308","8563","1584","677","907","1462","772","690","2663","1540","1123",,,,,"-2"
"170976","University of Michigan-Ann Arbor","2022","Full-time students, Undergraduate, Degree/certificate-seeking, First-time","7024","3060","3964","8","4","4","1412","647","765","335","97","238","845","338","507","7","3","4","3404","1502","1902","385","143","242","331","167","164","297","159","138",,,,,"-2"
"170976","University of Michigan-Ann Arbor","2022","Full-time students, Undergraduate, Degree/certificate-seeking, Other degree/certificate-seeking","24124","11645","12479","30","12","18","4186","2097","2089","952","381","571","1782","822","960","11","7","4","12467","5806","6661","1199","534","665","1131","605","526","2366","1381","985",,,,,"-2"
"170976","University of Michigan-Ann Arbor","2022","Full-time students, Undergraduate, Non-degree/certificate-seeking","171","97","74","0","0","0","2","1","1","0","0","0","4","2","2","0","0","0","10","8","2","0","0","0","5","3","2","150","83","67",,,,,"-2"
"170976","University of Michigan-Ann Arbor","2022","Full-time students, Graduate","16026","7715","8311","36","17","19","1650","742","908","768","278","490","1071","472","599","6","2","4","6172","2633","3539","504","225","279","484","239","245","5335","3107","2228",,,,,"-2"
"170976","University of Michigan-Ann Arbor","2022","Full-time students, Undergraduate, Other degree/certificatee-seeking, Transfer-ins","1306","685","621","0","0","0","169","96","73","41","17","24","77","40","37","1","1","0","456","207","249","51","21","30","27","15","12","484","288","196",,,,,"-2"
"170976","University of Michigan-Ann Arbor","2022","Full-time students, Undergraduate, Other degree/certificatee-seeking, Continuing","22818","10960","11858","30","12","18","4017","2001","2016","911","364","547","1705","782","923","10","6","4","12011","5599","6412","1148","513","635","1104","590","514","1882","1093","789",,,,,"-2"
"170976","University of Michigan-Ann Arbor","2022","Part-time students total","3880","2222","1658","8","2","6","542","332","210","146","60","86","216","116","100","4","3","1","1894","1006","888","125","63","62","213","134","79","732","506","226",,,,,"-2"
"170976","University of Michigan-Ann Arbor","2022","Part-time students, Undergraduate total","1376","778","598","2","0","2","257","152","105","47","20","27","74","47","27","0","0","0","772","429","343","61","35","26","110","64","46","53","31","22",,,,,"-2"
"170976","University of Michigan-Ann Arbor","2022","Part-time students, Undergraduate, Degree/certificate-seeking total","1300","745","555","1","0","1","245","149","96","43","20","23","69","43","26","0","0","0","724","404","320","60","35","25","106","63","43","52","31","21",,,,,"-2"
"170976","University of Michigan-Ann Arbor","2022","Part-time students, Undergraduate, Degree/certificate-seeking, First-time","26","9","17","0","0","0","4","1","3","3","1","2","1","1","0","0","0","0","14","6","8","2","0","2","1","0","1","1","0","1",,,,,"-2"
"170976","University of Michigan-Ann Arbor","2022","Part-time students, Undergraduate, Degree/certificate-seeking, Other degree/certificate-seeking","1274","736","538","1","0","1","241","148","93","40","19","21","68","42","26","0","0","0","710","398","312","58","35","23","105","63","42","51","31","20",,,,,"-2"
"170976","University of Michigan-Ann Arbor","2022","Part-time students, Undergraduate, Non-degree/certificate-seeking","76","33","43","1","0","1","12","3","9","4","0","4","5","4","1","0","0","0","48","25","23","1","0","1","4","1","3","1","0","1",,,,,"-2"
"170976","University of Michigan-Ann Arbor","2022","Part-time students, Graduate","2504","1444","1060","6","2","4","285","180","105","99","40","59","142","69","73","4","3","1","1122","577","545","64","28","36","103","70","33","679","475","204",,,,,"-2"
"170976","University of Michigan-Ann Arbor","2022","Part-time students, Undergraduate, Other degree/certificatee-seeking, Transfer-ins","36","19","17","0","0","0","2","0","2","2","0","2","4","1","3","0","0","0","27","17","10","1","1","0","0","0","0","0","0","0",,,,,"-2"
"170976","University of Michigan-Ann Arbor","2022","Part-time students, Undergraduate, Other degree/certificatee-seeking, Continuing","1238","717","521","1","0","1","239","148","91","38","19","19","64","41","23","0","0","0","683","381","302","57","34","23","105","63","42","51","31","20",,,,,"-2"
"171100","Michigan State University","2022","All students total","50023","23541","26482","130","56","74","3781","1869","1912","3228","1263","1965","3061","1324","1737","30","18","12","32451","15036","17415","1935","838","1097","1036","508","528","4371","2629","1742","0",,"0","50023","-2"
"171100","Michigan State University","2022","All students, Undergraduate total","39201","18944","20257","93","42","51","3044","1560","1484","2590","1052","1538","2358","1053","1305","26","16","10","26300","12585","13715","1593","698","895","857","421","436","2340","1517","823","0",,"0","39201","-2"
"171100","Michigan State University","2022","All students, Undergraduate, Degree/certificate-seeking total","39021","18869","20152","93","42","51","3022","1547","1475","2588","1051","1537","2349","1048","1301","26","16","10","26269","12574","13695","1591","698","893","851","418","433","2232","1475","757",,,,,"-2"
"171100","Michigan State University","2022","All students, Undergraduate, Degree/certificate-seeking, First-time","9829","4730","5099","30","13","17","826","421","405","552","231","321","605","268","337","4","3","1","6490","3045","3445","481","202","279","139","85","54","702","462","240",,,,,"-2"
"171100","Michigan State University","2022","All students, Undergraduate, Other degree/certificate-seeking","29192","14139","15053","63","29","34","2196","1126","1070","2036","820","1216","1744","780","964","22","13","9","19779","9529","10250","1110","496","614","712","333","379","1530","1013","517",,,,,"-2"
"171100","Michigan State University","2022","All students, Undergraduate, Non-degree/certificate-seeking","180","75","105","0","0","0","22","13","9","2","1","1","9","5","4","0","0","0","31","11","20","2","0","2","6","3","3","108","42","66",,,,,"-2"
"171100","Michigan State University","2022","All students, Graduate","10822","4597","6225","37","14","23","737","309","428","638","211","427","703","271","432","4","2","2","6151","2451","3700","342","140","202","179","87","92","2031","1112","919","0",,"0","10822","-2"
"171100","Michigan State University","2022","All students, Undergraduate, Other degree/certificatee-seeking, Transfer-ins","1378","664","714","6","1","5","76","43","33","82","36","46","91","46","45","3","2","1","1017","483","534","50","19","31","27","16","11","26","18","8",,,,,"-2"
"171100","Michigan State University","2022","All students, Undergraduate, Other degree/certificatee-seeking, Continuing","27814","13475","14339","57","28","29","2120","1083","1037","1954","784","1170","1653","734","919","19","11","8","18762","9046","9716","1060","477","583","685","317","368","1504","995","509",,,,,"-2"
"171100","Michigan State University","2022","Full-time students total","44292","20954","23338","106","47","59","3353","1648","1705","2770","1076","1694","2690","1164","1526","27","15","12","28592","13309","15283","1729","758","971","934","457","477","4091","2480","1611",,,,,"-2"
"171100","Michigan State University","2022","Full-time students, Undergraduate total","35982","17245","18737","85","38","47","2760","1394","1366","2344","928","1416","2169","950","1219","24","14","10","24102","11436","12666","1461","639","822","793","389","404","2244","1457","787",,,,,"-2"
"171100","Michigan State University","2022","Full-time students, Undergraduate, Degree/certificate-seeking total","35872","17203","18669","85","38","47","2758","1394","1364","2343","928","1415","2168","950","1218","24","14","10","24101","11435","12666","1461","639","822","793","389","404","2139","1416","723",,,,,"-2"
"171100","Michigan State University","2022","Full-time students, Undergraduate, Degree/certificate-seeking, First-time","9655","4647","5008","29","13","16","815","416","399","537","225","312","592","260","332","4","3","1","6378","2988","3390","470","200","270","137","84","53","693","458","235",,,,,"-2"
"171100","Michigan State University","2022","Full-time students, Undergraduate, Degree/certificate-seeking, Other degree/certificate-seeking","26217","12556","13661","56","25","31","1943","978","965","1806","703","1103","1576","690","886","20","11","9","17723","8447","9276","991","439","552","656","305","351","1446","958","488",,,,,"-2"
"171100","Michigan State University","2022","Full-time students, Undergraduate, Non-degree/certificate-seeking","110","42","68","0","0","0","2","0","2","1","0","1","1","0","1","0","0","0","1","1","0","0","0","0","0","0","0","105","41","64",,,,,"-2"
"171100","Michigan State University","2022","Full-time students, Graduate","8310","3709","4601","21","9","12","593","254","339","426","148","278","521","214","307","3","1","2","4490","1873","2617","268","119","149","141","68","73","1847","1023","824",,,,,"-2"
"171100","Michigan State University","2022","Full-time students, Undergraduate, Other degree/certificatee-seeking, Transfer-ins","1251","613","638","4","0","4","68","38","30","71","31","40","82","43","39","3","2","1","932","449","483","43","17","26","23","16","7","25","17","8",,,,,"-2"
"171100","Michigan State University","2022","Full-time students, Undergraduate, Other degree/certificatee-seeking, Continuing","24966","11943","13023","52","25","27","1875","940","935","1735","672","1063","1494","647","847","17","9","8","16791","7998","8793","948","422","526","633","289","344","1421","941","480",,,,,"-2"
"171100","Michigan State University","2022","Part-time students total","5731","2587","3144","24","9","15","428","221","207","458","187","271","371","160","211","3","3","0","3859","1727","2132","206","80","126","102","51","51","280","149","131",,,,,"-2"
"171100","Michigan State University","2022","Part-time students, Undergraduate total","3219","1699","1520","8","4","4","284","166","118","246","124","122","189","103","86","2","2","0","2198","1149","1049","132","59","73","64","32","32","96","60","36",,,,,"-2"
"171100","Michigan State University","2022","Part-time students, Undergraduate, Degree/certificate-seeking total","3149","1666","1483","8","4","4","264","153","111","245","123","122","181","98","83","2","2","0","2168","1139","1029","130","59","71","58","29","29","93","59","34",,,,,"-2"
"171100","Michigan State University","2022","Part-time students, Undergraduate, Degree/certificate-seeking, First-time","174","83","91","1","0","1","11","5","6","15","6","9","13","8","5","0","0","0","112","57","55","11","2","9","2","1","1","9","4","5",,,,,"-2"
"171100","Michigan State University","2022","Part-time students, Undergraduate, Degree/certificate-seeking, Other degree/certificate-seeking","2975","1583","1392","7","4","3","253","148","105","230","117","113","168","90","78","2","2","0","2056","1082","974","119","57","62","56","28","28","84","55","29",,,,,"-2"
"171100","Michigan State University","2022","Part-time students, Undergraduate, Non-degree/certificate-seeking","70","33","37","0","0","0","20","13","7","1","1","0","8","5","3","0","0","0","30","10","20","2","0","2","6","3","3","3","1","2",,,,,"-2"
"171100","Michigan State University","2022","Part-time students, Graduate","2512","888","1624","16","5","11","144","55","89","212","63","149","182","57","125","1","1","0","1661","578","1083","74","21","53","38","19","19","184","89","95",,,,,"-2"
"171100","Michigan State University","2022","Part-time students, Undergraduate, Other degree/certificatee-seeking, Transfer-ins","127","51","76","2","1","1","8","5","3","11","5","6","9","3","6","0","0","0","85","34","51","7","2","5","4","0","4","1","1","0",,,,,"-2"
"171100","Michigan State University","2022","Part-time students, Undergraduate, Other degree/certificatee-seeking, Continuing","2848","1532","1316","5","3","2","245","143","102","219","112","107","159","87","72","2","2","0","1971","1048","923","112","55","57","52","28","24","83","54","29",,,,,"-2"
"174066","University of Minnesota-Twin Cities","2022","All students total","54955","24390","30565","210","78","132","5846","2520","3326","3750","1432","2318","3104","1305","1799","38","20","18","31776","13753","18023","2288","950","1338","2762","1366","1396","5181","2966","2215","1157",,"1157","53798","-2"
"174066","University of Minnesota-Twin Cities","2022","All students, Undergraduate total","39248","17662","21586","136","50","86","4637","2063","2574","3065","1192","1873","2388","1012","1376","28","14","14","23552","10515","13037","1798","773","1025","1697","882","815","1947","1161","786","958",,"958","38290","-2"
"174066","University of Minnesota-Twin Cities","2022","All students, Undergraduate, Degree/certificate-seeking total","30560","14020","16540","96","30","66","3797","1698","2099","2420","937","1483","1771","738","1033","18","10","8","18678","8591","10087","1452","630","822","527","298","229","1801","1088","713",,,,,"-2"
"174066","University of Minnesota-Twin Cities","2022","All students, Undergraduate, Degree/certificate-seeking, First-time","6737","2972","3765","27","5","22","947","440","507","562","197","365","482","192","290","6","2","4","3977","1757","2220","310","128","182","80","45","35","346","206","140",,,,,"-2"
"174066","University of Minnesota-Twin Cities","2022","All students, Undergraduate, Other degree/certificate-seeking","23823","11048","12775","69","25","44","2850","1258","1592","1858","740","1118","1289","546","743","12","8","4","14701","6834","7867","1142","502","640","447","253","194","1455","882","573",,,,,"-2"
"174066","University of Minnesota-Twin Cities","2022","All students, Undergraduate, Non-degree/certificate-seeking","8688","3642","5046","40","20","20","840","365","475","645","255","390","617","274","343","10","4","6","4874","1924","2950","346","143","203","1170","584","586","146","73","73",,,,,"-2"
"174066","University of Minnesota-Twin Cities","2022","All students, Graduate","15707","6728","8979","74","28","46","1209","457","752","685","240","445","716","293","423","10","6","4","8224","3238","4986","490","177","313","1065","484","581","3234","1805","1429","199",,"199","15508","-2"
"174066","University of Minnesota-Twin Cities","2022","All students, Undergraduate, Other degree/certificatee-seeking, Transfer-ins","1801","884","917","12","7","5","185","85","100","229","101","128","135","63","72","0","0","0","978","490","488","123","58","65","20","14","6","119","66","53",,,,,"-2"
"174066","University of Minnesota-Twin Cities","2022","All students, Undergraduate, Other degree/certificatee-seeking, Continuing","22022","10164","11858","57","18","39","2665","1173","1492","1629","639","990","1154","483","671","12","8","4","13723","6344","7379","1019","444","575","427","239","188","1336","816","520",,,,,"-2"
"174066","University of Minnesota-Twin Cities","2022","Full-time students total","38361","16981","21380","125","37","88","4452","1932","2520","2679","998","1681","2096","858","1238","21","12","9","22369","9755","12614","1673","688","985","1414","696","718","3532","2005","1527",,,,,"-2"
"174066","University of Minnesota-Twin Cities","2022","Full-time students, Undergraduate total","29057","13234","15823","87","24","63","3667","1636","2031","2260","863","1397","1681","691","990","17","9","8","17564","7994","9570","1374","594","780","554","313","241","1853","1110","743",,,,,"-2"
"174066","University of Minnesota-Twin Cities","2022","Full-time students, Undergraduate, Degree/certificate-seeking total","28458","12956","15502","84","23","61","3591","1594","1997","2223","854","1369","1660","682","978","16","9","7","17342","7909","9433","1358","585","773","464","258","206","1720","1042","678",,,,,"-2"
"174066","University of Minnesota-Twin Cities","2022","Full-time students, Undergraduate, Degree/certificate-seeking, First-time","6705","2956","3749","27","5","22","941","435","506","557","196","361","480","191","289","6","2","4","3963","1751","2212","307","127","180","80","45","35","344","204","140",,,,,"-2"
"174066","University of Minnesota-Twin Cities","2022","Full-time students, Undergraduate, Degree/certificate-seeking, Other degree/certificate-seeking","21753","10000","11753","57","18","39","2650","1159","1491","1666","658","1008","1180","491","689","10","7","3","13379","6158","7221","1051","458","593","384","213","171","1376","838","538",,,,,"-2"
"174066","University of Minnesota-Twin Cities","2022","Full-time students, Undergraduate, Non-degree/certificate-seeking","599","278","321","3","1","2","76","42","34","37","9","28","21","9","12","1","0","1","222","85","137","16","9","7","90","55","35","133","68","65",,,,,"-2"
"174066","University of Minnesota-Twin Cities","2022","Full-time students, Graduate","9304","3747","5557","38","13","25","785","296","489","419","135","284","415","167","248","4","3","1","4805","1761","3044","299","94","205","860","383","477","1679","895","784",,,,,"-2"
"174066","University of Minnesota-Twin Cities","2022","Full-time students, Undergraduate, Other degree/certificatee-seeking, Transfer-ins","1686","820","866","11","6","5","175","82","93","211","93","118","127","59","68","0","0","0","912","453","459","115","51","64","16","10","6","119","66","53",,,,,"-2"
"174066","University of Minnesota-Twin Cities","2022","Full-time students, Undergraduate, Other degree/certificatee-seeking, Continuing","20067","9180","10887","46","12","34","2475","1077","1398","1455","565","890","1053","432","621","10","7","3","12467","5705","6762","936","407","529","368","203","165","1257","772","485",,,,,"-2"
"174066","University of Minnesota-Twin Cities","2022","Part-time students total","16594","7409","9185","85","41","44","1394","588","806","1071","434","637","1008","447","561","17","8","9","9407","3998","5409","615","262","353","1348","670","678","1649","961","688",,,,,"-2"
"174066","University of Minnesota-Twin Cities","2022","Part-time students, Undergraduate total","10191","4428","5763","49","26","23","970","427","543","805","329","476","707","321","386","11","5","6","5988","2521","3467","424","179","245","1143","569","574","94","51","43",,,,,"-2"
"174066","University of Minnesota-Twin Cities","2022","Part-time students, Undergraduate, Degree/certificate-seeking total","2102","1064","1038","12","7","5","206","104","102","197","83","114","111","56","55","2","1","1","1336","682","654","94","45","49","63","40","23","81","46","35",,,,,"-2"
"174066","University of Minnesota-Twin Cities","2022","Part-time students, Undergraduate, Degree/certificate-seeking, First-time","32","16","16","0","0","0","6","5","1","5","1","4","2","1","1","0","0","0","14","6","8","3","1","2","0","0","0","2","2","0",,,,,"-2"
"174066","University of Minnesota-Twin Cities","2022","Part-time students, Undergraduate, Degree/certificate-seeking, Other degree/certificate-seeking","2070","1048","1022","12","7","5","200","99","101","192","82","110","109","55","54","2","1","1","1322","676","646","91","44","47","63","40","23","79","44","35",,,,,"-2"
"174066","University of Minnesota-Twin Cities","2022","Part-time students, Undergraduate, Non-degree/certificate-seeking","8089","3364","4725","37","19","18","764","323","441","608","246","362","596","265","331","9","4","5","4652","1839","2813","330","134","196","1080","529","551","13","5","8",,,,,"-2"
"174066","University of Minnesota-Twin Cities","2022","Part-time students, Graduate","6403","2981","3422","36","15","21","424","161","263","266","105","161","301","126","175","6","3","3","3419","1477","1942","191","83","108","205","101","104","1555","910","645",,,,,"-2"
"174066","University of Minnesota-Twin Cities","2022","Part-time students, Undergraduate, Other degree/certificatee-seeking, Transfer-ins","115","64","51","1","1","0","10","3","7","18","8","10","8","4","4","0","0","0","66","37","29","8","7","1","4","4","0","0","0","0",,,,,"-2"
"174066","University of Minnesota-Twin Cities","2022","Part-time students, Undergraduate, Other degree/certificatee-seeking, Continuing","1955","984","971","11","6","5","190","96","94","174","74","100","101","51","50","2","1","1","1256","639","617","83","37","46","59","36","23","79","44","35",,,,,"-2"
"178059","Maryville University of Saint Louis","2022","All students total","9959","2668","7291","73","15","58","366","115","251","1457","350","1107","759","198","561","0","0","0","6424","1670","4754","288","83","205","389","115","274","203","122","81","0","0","0","9959","-2"
"178059","Maryville University of Saint Louis","2022","All students, Undergraduate total","5809","1860","3949","35","11","24","194","65","129","768","224","544","490","150","340","0","0","0","3769","1185","2584","188","57","131","215","73","142","150","95","55","0","0","0","5809","-2"
"178059","Maryville University of Saint Louis","2022","All students, Undergraduate, Degree/certificate-seeking total","5781","1854","3927","35","11","24","192","64","128","767","224","543","488","150","338","0","0","0","3750","1181","2569","188","57","131","212","73","139","149","94","55",,,,,"-2"
"178059","Maryville University of Saint Louis","2022","All students, Undergraduate, Degree/certificate-seeking, First-time","870","281","589","2","1","1","33","10","23","98","28","70","70","23","47","0","0","0","601","190","411","33","12","21","9","5","4","24","12","12",,,,,"-2"
"178059","Maryville University of Saint Louis","2022","All students, Undergraduate, Other degree/certificate-seeking","4911","1573","3338","33","10","23","159","54","105","669","196","473","418","127","291","0","0","0","3149","991","2158","155","45","110","203","68","135","125","82","43",,,,,"-2"
"178059","Maryville University of Saint Louis","2022","All students, Undergraduate, Non-degree/certificate-seeking","28","6","22","0","0","0","2","1","1","1","0","1","2","0","2","0","0","0","19","4","15","0","0","0","3","0","3","1","1","0",,,,,"-2"
"178059","Maryville University of Saint Louis","2022","All students, Graduate","4150","808","3342","38","4","34","172","50","122","689","126","563","269","48","221","0","0","0","2655","485","2170","100","26","74","174","42","132","53","27","26","0","0","0","4150","-2"
"178059","Maryville University of Saint Louis","2022","All students, Undergraduate, Other degree/certificatee-seeking, Transfer-ins","970","286","684","10","3","7","17","10","7","184","48","136","105","36","69","0","0","0","578","167","411","42","12","30","25","7","18","9","3","6",,,,,"-2"
"178059","Maryville University of Saint Louis","2022","All students, Undergraduate, Other degree/certificatee-seeking, Continuing","3941","1287","2654","23","7","16","142","44","98","485","148","337","313","91","222","0","0","0","2571","824","1747","113","33","80","178","61","117","116","79","37",,,,,"-2"
"178059","Maryville University of Saint Louis","2022","Full-time students total","3999","1370","2629","19","6","13","174","56","118","406","118","288","241","80","161","0","0","0","2713","892","1821","114","46","68","150","58","92","182","114","68",,,,,"-2"
"178059","Maryville University of Saint Louis","2022","Full-time students, Undergraduate total","3324","1186","2138","15","5","10","146","46","100","309","101","208","205","71","134","0","0","0","2276","787","1489","106","41","65","123","43","80","144","92","52",,,,,"-2"
"178059","Maryville University of Saint Louis","2022","Full-time students, Undergraduate, Degree/certificate-seeking total","3324","1186","2138","15","5","10","146","46","100","309","101","208","205","71","134","0","0","0","2276","787","1489","106","41","65","123","43","80","144","92","52",,,,,"-2"
"178059","Maryville University of Saint Louis","2022","Full-time students, Undergraduate, Degree/certificate-seeking, First-time","695","227","468","1","1","0","31","9","22","64","18","46","44","17","27","0","0","0","502","156","346","22","10","12","7","4","3","24","12","12",,,,,"-2"
"178059","Maryville University of Saint Louis","2022","Full-time students, Undergraduate, Degree/certificate-seeking, Other degree/certificate-seeking","2629","959","1670","14","4","10","115","37","78","245","83","162","161","54","107","0","0","0","1774","631","1143","84","31","53","116","39","77","120","80","40",,,,,"-2"
"178059","Maryville University of Saint Louis","2022","Full-time students, Graduate","675","184","491","4","1","3","28","10","18","97","17","80","36","9","27","0","0","0","437","105","332","8","5","3","27","15","12","38","22","16",,,,,"-2"
"178059","Maryville University of Saint Louis","2022","Full-time students, Undergraduate, Other degree/certificatee-seeking, Transfer-ins","300","111","189","3","0","3","7","4","3","23","6","17","22","11","11","0","0","0","217","79","138","13","6","7","6","2","4","9","3","6",,,,,"-2"
"178059","Maryville University of Saint Louis","2022","Full-time students, Undergraduate, Other degree/certificatee-seeking, Continuing","2329","848","1481","11","4","7","108","33","75","222","77","145","139","43","96","0","0","0","1557","552","1005","71","25","46","110","37","73","111","77","34",,,,,"-2"
"178059","Maryville University of Saint Louis","2022","Part-time students total","5960","1298","4662","54","9","45","192","59","133","1051","232","819","518","118","400","0","0","0","3711","778","2933","174","37","137","239","57","182","21","8","13",,,,,"-2"
"178059","Maryville University of Saint Louis","2022","Part-time students, Undergraduate total","2485","674","1811","20","6","14","48","19","29","459","123","336","285","79","206","0","0","0","1493","398","1095","82","16","66","92","30","62","6","3","3",,,,,"-2"
"178059","Maryville University of Saint Louis","2022","Part-time students, Undergraduate, Degree/certificate-seeking total","2457","668","1789","20","6","14","46","18","28","458","123","335","283","79","204","0","0","0","1474","394","1080","82","16","66","89","30","59","5","2","3",,,,,"-2"
"178059","Maryville University of Saint Louis","2022","Part-time students, Undergraduate, Degree/certificate-seeking, First-time","175","54","121","1","0","1","2","1","1","34","10","24","26","6","20","0","0","0","99","34","65","11","2","9","2","1","1","0","0","0",,,,,"-2"
"178059","Maryville University of Saint Louis","2022","Part-time students, Undergraduate, Degree/certificate-seeking, Other degree/certificate-seeking","2282","614","1668","19","6","13","44","17","27","424","113","311","257","73","184","0","0","0","1375","360","1015","71","14","57","87","29","58","5","2","3",,,,,"-2"
"178059","Maryville University of Saint Louis","2022","Part-time students, Undergraduate, Non-degree/certificate-seeking","28","6","22","0","0","0","2","1","1","1","0","1","2","0","2","0","0","0","19","4","15","0","0","0","3","0","3","1","1","0",,,,,"-2"
"178059","Maryville University of Saint Louis","2022","Part-time students, Graduate","3475","624","2851","34","3","31","144","40","104","592","109","483","233","39","194","0","0","0","2218","380","1838","92","21","71","147","27","120","15","5","10",,,,,"-2"
"178059","Maryville University of Saint Louis","2022","Part-time students, Undergraduate, Other degree/certificatee-seeking, Transfer-ins","670","175","495","7","3","4","10","6","4","161","42","119","83","25","58","0","0","0","361","88","273","29","6","23","19","5","14","0","0","0",,,,,"-2"
"178059","Maryville University of Saint Louis","2022","Part-time students, Undergraduate, Other degree/certificatee-seeking, Continuing","1612","439","1173","12","3","9","34","11","23","263","71","192","174","48","126","0","0","0","1014","272","742","42","8","34","68","24","44","5","2","3",,,,,"-2"
"178420","University of Missouri-St Louis","2022","All students total","15181","6142","9039","46","20","26","737","327","410","2090","672","1418","565","237","328","2","1","1","10361","4257","6104","309","134","175","698","303","395","373","191","182","64",,"64","15117","-2"
"178420","University of Missouri-St Louis","2022","All students, Undergraduate total","12415","5234","7181","41","17","24","635","288","347","1609","560","1049","476","201","275","2","1","1","8671","3717","4954","245","112","133","575","256","319","161","82","79","34",,"34","12381","-2"
"178420","University of Missouri-St Louis","2022","All students, Undergraduate, Degree/certificate-seeking total","5378","2389","2989","10","5","5","254","134","120","973","316","657","219","94","125","2","1","1","3318","1556","1762","236","109","127","268","127","141","98","47","51",,,,,"-2"
"178420","University of Missouri-St Louis","2022","All students, Undergraduate, Degree/certificate-seeking, First-time","443","175","268","1","0","1","21","12","9","111","38","73","18","6","12","0","0","0","173","63","110","32","18","14","60","26","34","27","12","15",,,,,"-2"
"178420","University of Missouri-St Louis","2022","All students, Undergraduate, Other degree/certificate-seeking","4935","2214","2721","9","5","4","233","122","111","862","278","584","201","88","113","2","1","1","3145","1493","1652","204","91","113","208","101","107","71","35","36",,,,,"-2"
"178420","University of Missouri-St Louis","2022","All students, Undergraduate, Non-degree/certificate-seeking","7037","2845","4192","31","12","19","381","154","227","636","244","392","257","107","150","0","0","0","5353","2161","3192","9","3","6","307","129","178","63","35","28",,,,,"-2"
"178420","University of Missouri-St Louis","2022","All students, Graduate","2766","908","1858","5","3","2","102","39","63","481","112","369","89","36","53","0","0","0","1690","540","1150","64","22","42","123","47","76","212","109","103","30",,"30","2736","-2"
"178420","University of Missouri-St Louis","2022","All students, Undergraduate, Other degree/certificatee-seeking, Transfer-ins","1024","443","581","1","1","0","33","21","12","186","56","130","50","14","36","0","0","0","690","325","365","39","16","23","21","9","12","4","1","3",,,,,"-2"
"178420","University of Missouri-St Louis","2022","All students, Undergraduate, Other degree/certificatee-seeking, Continuing","3911","1771","2140","8","4","4","200","101","99","676","222","454","151","74","77","2","1","1","2455","1168","1287","165","75","90","187","92","95","67","34","33",,,,,"-2"
"178420","University of Missouri-St Louis","2022","Full-time students total","5140","2144","2996","9","5","4","253","120","133","810","256","554","200","87","113","2","1","1","3068","1311","1757","194","93","101","309","129","180","295","142","153",,,,,"-2"
"178420","University of Missouri-St Louis","2022","Full-time students, Undergraduate total","4195","1807","2388","9","5","4","223","115","108","695","231","464","176","76","100","2","1","1","2586","1145","1441","175","84","91","214","97","117","115","53","62",,,,,"-2"
"178420","University of Missouri-St Louis","2022","Full-time students, Undergraduate, Degree/certificate-seeking total","3856","1666","2190","7","3","4","205","104","101","658","217","441","170","75","95","2","1","1","2353","1045","1308","174","84","90","198","94","104","89","43","46",,,,,"-2"
"178420","University of Missouri-St Louis","2022","Full-time students, Undergraduate, Degree/certificate-seeking, First-time","415","163","252","1","0","1","20","12","8","98","34","64","15","6","9","0","0","0","166","58","108","29","16","13","59","25","34","27","12","15",,,,,"-2"
"178420","University of Missouri-St Louis","2022","Full-time students, Undergraduate, Degree/certificate-seeking, Other degree/certificate-seeking","3441","1503","1938","6","3","3","185","92","93","560","183","377","155","69","86","2","1","1","2187","987","1200","145","68","77","139","69","70","62","31","31",,,,,"-2"
"178420","University of Missouri-St Louis","2022","Full-time students, Undergraduate, Non-degree/certificate-seeking","339","141","198","2","2","0","18","11","7","37","14","23","6","1","5","0","0","0","233","100","133","1","0","1","16","3","13","26","10","16",,,,,"-2"
"178420","University of Missouri-St Louis","2022","Full-time students, Graduate","945","337","608","0","0","0","30","5","25","115","25","90","24","11","13","0","0","0","482","166","316","19","9","10","95","32","63","180","89","91",,,,,"-2"
"178420","University of Missouri-St Louis","2022","Full-time students, Undergraduate, Other degree/certificatee-seeking, Transfer-ins","819","346","473","0","0","0","32","20","12","138","41","97","43","13","30","0","0","0","554","250","304","33","15","18","15","6","9","4","1","3",,,,,"-2"
"178420","University of Missouri-St Louis","2022","Full-time students, Undergraduate, Other degree/certificatee-seeking, Continuing","2622","1157","1465","6","3","3","153","72","81","422","142","280","112","56","56","2","1","1","1633","737","896","112","53","59","124","63","61","58","30","28",,,,,"-2"
"178420","University of Missouri-St Louis","2022","Part-time students total","10041","3998","6043","37","15","22","484","207","277","1280","416","864","365","150","215","0","0","0","7293","2946","4347","115","41","74","389","174","215","78","49","29",,,,,"-2"
"178420","University of Missouri-St Louis","2022","Part-time students, Undergraduate total","8220","3427","4793","32","12","20","412","173","239","914","329","585","300","125","175","0","0","0","6085","2572","3513","70","28","42","361","159","202","46","29","17",,,,,"-2"
"178420","University of Missouri-St Louis","2022","Part-time students, Undergraduate, Degree/certificate-seeking total","1522","723","799","3","2","1","49","30","19","315","99","216","49","19","30","0","0","0","965","511","454","62","25","37","70","33","37","9","4","5",,,,,"-2"
"178420","University of Missouri-St Louis","2022","Part-time students, Undergraduate, Degree/certificate-seeking, First-time","28","12","16","0","0","0","1","0","1","13","4","9","3","0","3","0","0","0","7","5","2","3","2","1","1","1","0","0","0","0",,,,,"-2"
"178420","University of Missouri-St Louis","2022","Part-time students, Undergraduate, Degree/certificate-seeking, Other degree/certificate-seeking","1494","711","783","3","2","1","48","30","18","302","95","207","46","19","27","0","0","0","958","506","452","59","23","36","69","32","37","9","4","5",,,,,"-2"
"178420","University of Missouri-St Louis","2022","Part-time students, Undergraduate, Non-degree/certificate-seeking","6698","2704","3994","29","10","19","363","143","220","599","230","369","251","106","145","0","0","0","5120","2061","3059","8","3","5","291","126","165","37","25","12",,,,,"-2"
"178420","University of Missouri-St Louis","2022","Part-time students, Graduate","1821","571","1250","5","3","2","72","34","38","366","87","279","65","25","40","0","0","0","1208","374","834","45","13","32","28","15","13","32","20","12",,,,,"-2"
"178420","University of Missouri-St Louis","2022","Part-time students, Undergraduate, Other degree/certificatee-seeking, Transfer-ins","205","97","108","1","1","0","1","1","0","48","15","33","7","1","6","0","0","0","136","75","61","6","1","5","6","3","3","0","0","0",,,,,"-2"
"178420","University of Missouri-St Louis","2022","Part-time students, Undergraduate, Other degree/certificatee-seeking, Continuing","1289","614","675","2","1","1","47","29","18","254","80","174","39","18","21","0","0","0","822","431","391","53","22","31","63","29","34","9","4","5",,,,,"-2"
"179867","Washington University in St Louis","2022","All students total","17012","7969","9043","32","10","22","2270","1059","1211","1169","384","785","1345","567","778","14","6","8","6382","2826","3556","766","350","416","365","178","187","4669","2589","2080","3",,"3","17009","-2"
"179867","Washington University in St Louis","2022","All students, Undergraduate total","8132","3690","4442","9","4","5","1583","748","835","750","241","509","940","406","534","8","4","4","3570","1670","1900","492","206","286","141","58","83","639","353","286","0",,"0","8132","-2"
"179867","Washington University in St Louis","2022","All students, Undergraduate, Degree/certificate-seeking total","7801","3611","4190","8","3","5","1570","742","828","676","232","444","928","405","523","8","4","4","3414","1636","1778","484","205","279","132","52","80","581","332","249",,,,,"-2"
"179867","Washington University in St Louis","2022","All students, Undergraduate, Degree/certificate-seeking, First-time","1813","827","986","0","0","0","399","176","223","152","53","99","252","105","147","2","1","1","687","323","364","117","52","65","18","6","12","186","111","75",,,,,"-2"
"179867","Washington University in St Louis","2022","All students, Undergraduate, Other degree/certificate-seeking","5988","2784","3204","8","3","5","1171","566","605","524","179","345","676","300","376","6","3","3","2727","1313","1414","367","153","214","114","46","68","395","221","174",,,,,"-2"
"179867","Washington University in St Louis","2022","All students, Undergraduate, Non-degree/certificate-seeking","331","79","252","1","1","0","13","6","7","74","9","65","12","1","11","0","0","0","156","34","122","8","1","7","9","6","3","58","21","37",,,,,"-2"
"179867","Washington University in St Louis","2022","All students, Graduate","8880","4279","4601","23","6","17","687","311","376","419","143","276","405","161","244","6","2","4","2812","1156","1656","274","144","130","224","120","104","4030","2236","1794","3",,"3","8877","-2"
"179867","Washington University in St Louis","2022","All students, Undergraduate, Other degree/certificatee-seeking, Transfer-ins","194","90","104","0","0","0","18","11","7","23","7","16","19","7","12","0","0","0","81","39","42","8","3","5","8","2","6","37","21","16",,,,,"-2"
"179867","Washington University in St Louis","2022","All students, Undergraduate, Other degree/certificatee-seeking, Continuing","5794","2694","3100","8","3","5","1153","555","598","501","172","329","657","293","364","6","3","3","2646","1274","1372","359","150","209","106","44","62","358","200","158",,,,,"-2"
"179867","Washington University in St Louis","2022","Full-time students total","14629","6960","7669","26","8","18","2056","962","1094","888","323","565","1241","531","710","13","6","7","5396","2440","2956","649","289","360","266","125","141","4094","2276","1818",,,,,"-2"
"179867","Washington University in St Louis","2022","Full-time students, Undergraduate total","7445","3504","3941","8","3","5","1541","730","811","582","212","370","904","399","505","8","4","4","3198","1564","1634","469","198","271","118","50","68","617","344","273",,,,,"-2"
"179867","Washington University in St Louis","2022","Full-time students, Undergraduate, Degree/certificate-seeking total","7401","3486","3915","8","3","5","1541","730","811","579","209","370","903","399","504","8","4","4","3198","1564","1634","469","198","271","118","50","68","577","329","248",,,,,"-2"
"179867","Washington University in St Louis","2022","Full-time students, Undergraduate, Degree/certificate-seeking, First-time","1808","826","982","0","0","0","399","176","223","150","52","98","252","105","147","2","1","1","684","323","361","117","52","65","18","6","12","186","111","75",,,,,"-2"
"179867","Washington University in St Louis","2022","Full-time students, Undergraduate, Degree/certificate-seeking, Other degree/certificate-seeking","5593","2660","2933","8","3","5","1142","554","588","429","157","272","651","294","357","6","3","3","2514","1241","1273","352","146","206","100","44","56","391","218","173",,,,,"-2"
"179867","Washington University in St Louis","2022","Full-time students, Undergraduate, Non-degree/certificate-seeking","44","18","26","0","0","0","0","0","0","3","3","0","1","0","1","0","0","0","0","0","0","0","0","0","0","0","0","40","15","25",,,,,"-2"
"179867","Washington University in St Louis","2022","Full-time students, Graduate","7184","3456","3728","18","5","13","515","232","283","306","111","195","337","132","205","5","2","3","2198","876","1322","180","91","89","148","75","73","3477","1932","1545",,,,,"-2"
"179867","Washington University in St Louis","2022","Full-time students, Undergraduate, Other degree/certificatee-seeking, Transfer-ins","127","68","59","0","0","0","14","8","6","6","4","2","11","6","5","0","0","0","49","25","24","5","2","3","5","2","3","37","21","16",,,,,"-2"
"179867","Washington University in St Louis","2022","Full-time students, Undergraduate, Other degree/certificatee-seeking, Continuing","5466","2592","2874","8","3","5","1128","546","582","423","153","270","640","288","352","6","3","3","2465","1216","1249","347","144","203","95","42","53","354","197","157",,,,,"-2"
"179867","Washington University in St Louis","2022","Part-time students total","2383","1009","1374","6","2","4","214","97","117","281","61","220","104","36","68","1","0","1","986","386","600","117","61","56","99","53","46","575","313","262",,,,,"-2"
"179867","Washington University in St Louis","2022","Part-time students, Undergraduate total","687","186","501","1","1","0","42","18","24","168","29","139","36","7","29","0","0","0","372","106","266","23","8","15","23","8","15","22","9","13",,,,,"-2"
"179867","Washington University in St Louis","2022","Part-time students, Undergraduate, Degree/certificate-seeking total","400","125","275","0","0","0","29","12","17","97","23","74","25","6","19","0","0","0","216","72","144","15","7","8","14","2","12","4","3","1",,,,,"-2"
"179867","Washington University in St Louis","2022","Part-time students, Undergraduate, Degree/certificate-seeking, First-time","5","1","4","0","0","0","0","0","0","2","1","1","0","0","0","0","0","0","3","0","3","0","0","0","0","0","0","0","0","0",,,,,"-2"
"179867","Washington University in St Louis","2022","Part-time students, Undergraduate, Degree/certificate-seeking, Other degree/certificate-seeking","395","124","271","0","0","0","29","12","17","95","22","73","25","6","19","0","0","0","213","72","141","15","7","8","14","2","12","4","3","1",,,,,"-2"
"179867","Washington University in St Louis","2022","Part-time students, Undergraduate, Non-degree/certificate-seeking","287","61","226","1","1","0","13","6","7","71","6","65","11","1","10","0","0","0","156","34","122","8","1","7","9","6","3","18","6","12",,,,,"-2"
"179867","Washington University in St Louis","2022","Part-time students, Graduate","1696","823","873","5","1","4","172","79","93","113","32","81","68","29","39","1","0","1","614","280","334","94","53","41","76","45","31","553","304","249",,,,,"-2"
"179867","Washington University in St Louis","2022","Part-time students, Undergraduate, Other degree/certificatee-seeking, Transfer-ins","67","22","45","0","0","0","4","3","1","17","3","14","8","1","7","0","0","0","32","14","18","3","1","2","3","0","3","0","0","0",,,,,"-2"
"179867","Washington University in St Louis","2022","Part-time students, Undergraduate, Other degree/certificatee-seeking, Continuing","328","102","226","0","0","0","25","9","16","78","19","59","17","5","12","0","0","0","181","58","123","12","6","6","11","2","9","4","3","1",,,,,"-2"
"182670","Dartmouth College","2022","All students total","6744","3405","3339","57","16","41","824","426","398","349","171","178","567","287","280","1","1","0","3079","1545","1534","378","172","206","145","63","82","1344","724","620","32","75","107","6637","-2"
"182670","Dartmouth College","2022","All students, Undergraduate total","4458","2274","2184","50","15","35","602","322","280","266","132","134","429","217","212","1","1","0","2101","1074","1027","300","132","168","90","44","46","619","337","282","12","50","62","4396","-2"
"182670","Dartmouth College","2022","All students, Undergraduate, Degree/certificate-seeking total","4412","2245","2167","50","15","35","600","320","280","266","132","134","429","217","212","0","0","0","2096","1072","1024","300","132","168","85","43","42","586","314","272",,,,,"-2"
"182670","Dartmouth College","2022","All students, Undergraduate, Degree/certificate-seeking, First-time","1124","564","560","13","4","9","154","87","67","68","29","39","103","56","47","0","0","0","509","240","269","83","38","45","23","11","12","171","99","72",,,,,"-2"
"182670","Dartmouth College","2022","All students, Undergraduate, Other degree/certificate-seeking","3288","1681","1607","37","11","26","446","233","213","198","103","95","326","161","165","0","0","0","1587","832","755","217","94","123","62","32","30","415","215","200",,,,,"-2"
"182670","Dartmouth College","2022","All students, Undergraduate, Non-degree/certificate-seeking","46","29","17","0","0","0","2","2","0","0","0","0","0","0","0","1","1","0","5","2","3","0","0","0","5","1","4","33","23","10",,,,,"-2"
"182670","Dartmouth College","2022","All students, Graduate","2286","1131","1155","7","1","6","222","104","118","83","39","44","138","70","68","0","0","0","978","471","507","78","40","38","55","19","36","725","387","338","20","25","45","2241","-2"
"182670","Dartmouth College","2022","All students, Undergraduate, Other degree/certificatee-seeking, Transfer-ins","30","18","12","0","0","0","3","3","0","4","1","3","4","1","3","0","0","0","9","6","3","1","1","0","0","0","0","9","6","3",,,,,"-2"
"182670","Dartmouth College","2022","All students, Undergraduate, Other degree/certificatee-seeking, Continuing","3258","1663","1595","37","11","26","443","230","213","194","102","92","322","160","162","0","0","0","1578","826","752","216","93","123","62","32","30","406","209","197",,,,,"-2"
"182670","Dartmouth College","2022","Full-time students total","6701","3383","3318","57","16","41","823","426","397","345","169","176","565","286","279","1","1","0","3058","1534","1524","376","171","205","140","60","80","1336","720","616",,,,,"-2"
"182670","Dartmouth College","2022","Full-time students, Undergraduate total","4457","2273","2184","50","15","35","602","322","280","266","132","134","429","217","212","1","1","0","2101","1074","1027","300","132","168","89","43","46","619","337","282",,,,,"-2"
"182670","Dartmouth College","2022","Full-time students, Undergraduate, Degree/certificate-seeking total","4411","2244","2167","50","15","35","600","320","280","266","132","134","429","217","212","0","0","0","2096","1072","1024","300","132","168","84","42","42","586","314","272",,,,,"-2"
"182670","Dartmouth College","2022","Full-time students, Undergraduate, Degree/certificate-seeking, First-time","1124","564","560","13","4","9","154","87","67","68","29","39","103","56","47","0","0","0","509","240","269","83","38","45","23","11","12","171","99","72",,,,,"-2"
"182670","Dartmouth College","2022","Full-time students, Undergraduate, Degree/certificate-seeking, Other degree/certificate-seeking","3287","1680","1607","37","11","26","446","233","213","198","103","95","326","161","165","0","0","0","1587","832","755","217","94","123","61","31","30","415","215","200",,,,,"-2"
"182670","Dartmouth College","2022","Full-time students, Undergraduate, Non-degree/certificate-seeking","46","29","17","0","0","0","2","2","0","0","0","0","0","0","0","1","1","0","5","2","3","0","0","0","5","1","4","33","23","10",,,,,"-2"
"182670","Dartmouth College","2022","Full-time students, Graduate","2244","1110","1134","7","1","6","221","104","117","79","37","42","136","69","67","0","0","0","957","460","497","76","39","37","51","17","34","717","383","334",,,,,"-2"
"182670","Dartmouth College","2022","Full-time students, Undergraduate, Other degree/certificatee-seeking, Transfer-ins","30","18","12","0","0","0","3","3","0","4","1","3","4","1","3","0","0","0","9","6","3","1","1","0","0","0","0","9","6","3",,,,,"-2"
"182670","Dartmouth College","2022","Full-time students, Undergraduate, Other degree/certificatee-seeking, Continuing","3257","1662","1595","37","11","26","443","230","213","194","102","92","322","160","162","0","0","0","1578","826","752","216","93","123","61","31","30","406","209","197",,,,,"-2"
"182670","Dartmouth College","2022","Part-time students total","43","22","21","0","0","0","1","0","1","4","2","2","2","1","1","0","0","0","21","11","10","2","1","1","5","3","2","8","4","4",,,,,"-2"
"182670","Dartmouth College","2022","Part-time students, Undergraduate total","1","1","0","0","0","0","0","0","0","0","0","0","0","0","0","0","0","0","0","0","0","0","0","0","1","1","0","0","0","0",,,,,"-2"
"182670","Dartmouth College","2022","Part-time students, Undergraduate, Degree/certificate-seeking total","1","1","0","0","0","0","0","0","0","0","0","0","0","0","0","0","0","0","0","0","0","0","0","0","1","1","0","0","0","0",,,,,"-2"
"182670","Dartmouth College","2022","Part-time students, Undergraduate, Degree/certificate-seeking, Other degree/certificate-seeking","1","1","0","0","0","0","0","0","0","0","0","0","0","0","0","0","0","0","0","0","0","0","0","0","1","1","0","0","0","0",,,,,"-2"
"182670","Dartmouth College","2022","Part-time students, Graduate","42","21","21","0","0","0","1","0","1","4","2","2","2","1","1","0","0","0","21","11","10","2","1","1","4","2","2","8","4","4",,,,,"-2"
"182670","Dartmouth College","2022","Part-time students, Undergraduate, Other degree/certificatee-seeking, Continuing","1","1","0","0","0","0","0","0","0","0","0","0","0","0","0","0","0","0","0","0","0","0","0","0","1","1","0","0","0","0",,,,,"-2"
"186131","Princeton University","2022","All students total","8842","4668","4174","8","2","6","1615","790","825","568","254","314","786","415","371","6","4","2","3055","1659","1396","483","208","275","262","143","119","2059","1193","866","0","0","0","8842","-2"
"186131","Princeton University","2022","All students, Undergraduate total","5604","2803","2801","7","1","6","1301","631","670","442","196","246","556","279","277","6","4","2","2079","1101","978","378","164","214","130","66","64","705","361","344","0","0","0","5604","-2"
"186131","Princeton University","2022","All students, Undergraduate, Degree/certificate-seeking total","5527","2762","2765","7","1","6","1299","631","668","441","196","245","554","278","276","6","4","2","2076","1100","976","377","164","213","86","40","46","681","348","333",,,,,"-2"
"186131","Princeton University","2022","All students, Undergraduate, Degree/certificate-seeking, First-time","1497","735","762","2","0","2","375","181","194","128","50","78","125","60","65","2","1","1","505","275","230","108","42","66","30","11","19","222","115","107",,,,,"-2"
"186131","Princeton University","2022","All students, Undergraduate, Other degree/certificate-seeking","4030","2027","2003","5","1","4","924","450","474","313","146","167","429","218","211","4","3","1","1571","825","746","269","122","147","56","29","27","459","233","226",,,,,"-2"
"186131","Princeton University","2022","All students, Undergraduate, Non-degree/certificate-seeking","77","41","36","0","0","0","2","0","2","1","0","1","2","1","1","0","0","0","3","1","2","1","0","1","44","26","18","24","13","11",,,,,"-2"
"186131","Princeton University","2022","All students, Graduate","3238","1865","1373","1","1","0","314","159","155","126","58","68","230","136","94","0","0","0","976","558","418","105","44","61","132","77","55","1354","832","522","0","0","0","3238","-2"
"186131","Princeton University","2022","All students, Undergraduate, Other degree/certificatee-seeking, Transfer-ins","27","20","7","0","0","0","7","5","2","4","3","1","8","6","2","0","0","0","8","6","2","0","0","0","0","0","0","0","0","0",,,,,"-2"
"186131","Princeton University","2022","All students, Undergraduate, Other degree/certificatee-seeking, Continuing","4003","2007","1996","5","1","4","917","445","472","309","143","166","421","212","209","4","3","1","1563","819","744","269","122","147","56","29","27","459","233","226",,,,,"-2"
"186131","Princeton University","2022","Full-time students total","8778","4634","4144","8","2","6","1613","790","823","567","254","313","784","414","370","6","4","2","3052","1658","1394","482","208","274","218","117","101","2048","1187","861",,,,,"-2"
"186131","Princeton University","2022","Full-time students, Undergraduate total","5540","2769","2771","7","1","6","1299","631","668","441","196","245","554","278","276","6","4","2","2076","1100","976","377","164","213","86","40","46","694","355","339",,,,,"-2"
"186131","Princeton University","2022","Full-time students, Undergraduate, Degree/certificate-seeking total","5527","2762","2765","7","1","6","1299","631","668","441","196","245","554","278","276","6","4","2","2076","1100","976","377","164","213","86","40","46","681","348","333",,,,,"-2"
"186131","Princeton University","2022","Full-time students, Undergraduate, Degree/certificate-seeking, First-time","1497","735","762","2","0","2","375","181","194","128","50","78","125","60","65","2","1","1","505","275","230","108","42","66","30","11","19","222","115","107",,,,,"-2"
"186131","Princeton University","2022","Full-time students, Undergraduate, Degree/certificate-seeking, Other degree/certificate-seeking","4030","2027","2003","5","1","4","924","450","474","313","146","167","429","218","211","4","3","1","1571","825","746","269","122","147","56","29","27","459","233","226",,,,,"-2"
"186131","Princeton University","2022","Full-time students, Undergraduate, Non-degree/certificate-seeking","13","7","6","0","0","0","0","0","0","0","0","0","0","0","0","0","0","0","0","0","0","0","0","0","0","0","0","13","7","6",,,,,"-2"
"186131","Princeton University","2022","Full-time students, Graduate","3238","1865","1373","1","1","0","314","159","155","126","58","68","230","136","94","0","0","0","976","558","418","105","44","61","132","77","55","1354","832","522",,,,,"-2"
"186131","Princeton University","2022","Full-time students, Undergraduate, Other degree/certificatee-seeking, Transfer-ins","27","20","7","0","0","0","7","5","2","4","3","1","8","6","2","0","0","0","8","6","2","0","0","0","0","0","0","0","0","0",,,,,"-2"
"186131","Princeton University","2022","Full-time students, Undergraduate, Other degree/certificatee-seeking, Continuing","4003","2007","1996","5","1","4","917","445","472","309","143","166","421","212","209","4","3","1","1563","819","744","269","122","147","56","29","27","459","233","226",,,,,"-2"
"186131","Princeton University","2022","Part-time students total","64","34","30","0","0","0","2","0","2","1","0","1","2","1","1","0","0","0","3","1","2","1","0","1","44","26","18","11","6","5",,,,,"-2"
"186131","Princeton University","2022","Part-time students, Undergraduate total","64","34","30","0","0","0","2","0","2","1","0","1","2","1","1","0","0","0","3","1","2","1","0","1","44","26","18","11","6","5",,,,,"-2"
"186131","Princeton University","2022","Part-time students, Undergraduate, Non-degree/certificate-seeking","64","34","30","0","0","0","2","0","2","1","0","1","2","1","1","0","0","0","3","1","2","1","0","1","44","26","18","11","6","5",,,,,"-2"
"186876","Stockton University","2022","All students total","9080","3416","5664","9","2","7","647","292","355","928","294","634","1618","582","1036","5","5","0","5420","2066","3354","318","117","201","78","32","46","57","26","31","7",,"7","9073","-2"
"186876","Stockton University","2022","All students, Undergraduate total","8138","3183","4955","9","2","7","599","274","325","837","270","567","1516","564","952","5","5","0","4758","1903","2855","294","112","182","75","31","44","45","22","23","7",,"7","8131","-2"
"186876","Stockton University","2022","All students, Undergraduate, Degree/certificate-seeking total","8105","3174","4931","9","2","7","598","274","324","836","270","566","1514","563","951","5","5","0","4739","1900","2839","294","112","182","75","31","44","35","17","18",,,,,"-2"
"186876","Stockton University","2022","All students, Undergraduate, Degree/certificate-seeking, First-time","1562","628","934","1","1","0","106","54","52","197","71","126","333","116","217","1","1","0","838","351","487","63","25","38","12","4","8","11","5","6",,,,,"-2"
"186876","Stockton University","2022","All students, Undergraduate, Other degree/certificate-seeking","6543","2546","3997","8","1","7","492","220","272","639","199","440","1181","447","734","4","4","0","3901","1549","2352","231","87","144","63","27","36","24","12","12",,,,,"-2"
"186876","Stockton University","2022","All students, Undergraduate, Non-degree/certificate-seeking","33","9","24","0","0","0","1","0","1","1","0","1","2","1","1","0","0","0","19","3","16","0","0","0","0","0","0","10","5","5",,,,,"-2"
"186876","Stockton University","2022","All students, Graduate","942","233","709","0","0","0","48","18","30","91","24","67","102","18","84","0","0","0","662","163","499","24","5","19","3","1","2","12","4","8","0",,"0","942","-2"
"186876","Stockton University","2022","All students, Undergraduate, Other degree/certificatee-seeking, Transfer-ins","808","324","484","0","0","0","34","16","18","88","27","61","156","65","91","1","1","0","492","203","289","26","7","19","8","3","5","3","2","1",,,,,"-2"
"186876","Stockton University","2022","All students, Undergraduate, Other degree/certificatee-seeking, Continuing","5735","2222","3513","8","1","7","458","204","254","551","172","379","1025","382","643","3","3","0","3409","1346","2063","205","80","125","55","24","31","21","10","11",,,,,"-2"
"186876","Stockton University","2022","Full-time students total","8165","3116","5049","9","2","7","600","269","331","833","267","566","1503","538","965","5","5","0","4796","1876","2920","295","106","189","73","30","43","51","23","28",,,,,"-2"
"186876","Stockton University","2022","Full-time students, Undergraduate total","7757","3008","4749","9","2","7","575","259","316","805","259","546","1448","527","921","5","5","0","4517","1800","2717","281","104","177","72","30","42","45","22","23",,,,,"-2"
"186876","Stockton University","2022","Full-time students, Undergraduate, Degree/certificate-seeking total","7747","3003","4744","9","2","7","575","259","316","805","259","546","1448","527","921","5","5","0","4517","1800","2717","281","104","177","72","30","42","35","17","18",,,,,"-2"
"186876","Stockton University","2022","Full-time students, Undergraduate, Degree/certificate-seeking, First-time","1560","627","933","1","1","0","106","54","52","196","71","125","333","116","217","1","1","0","838","351","487","62","24","38","12","4","8","11","5","6",,,,,"-2"
"186876","Stockton University","2022","Full-time students, Undergraduate, Degree/certificate-seeking, Other degree/certificate-seeking","6187","2376","3811","8","1","7","469","205","264","609","188","421","1115","411","704","4","4","0","3679","1449","2230","219","80","139","60","26","34","24","12","12",,,,,"-2"
"186876","Stockton University","2022","Full-time students, Undergraduate, Non-degree/certificate-seeking","10","5","5","0","0","0","0","0","0","0","0","0","0","0","0","0","0","0","0","0","0","0","0","0","0","0","0","10","5","5",,,,,"-2"
"186876","Stockton University","2022","Full-time students, Graduate","408","108","300","0","0","0","25","10","15","28","8","20","55","11","44","0","0","0","279","76","203","14","2","12","1","0","1","6","1","5",,,,,"-2"
"186876","Stockton University","2022","Full-time students, Undergraduate, Other degree/certificatee-seeking, Transfer-ins","790","314","476","0","0","0","34","16","18","85","25","60","153","62","91","1","1","0","482","199","283","25","7","18","7","2","5","3","2","1",,,,,"-2"
"186876","Stockton University","2022","Full-time students, Undergraduate, Other degree/certificatee-seeking, Continuing","5397","2062","3335","8","1","7","435","189","246","524","163","361","962","349","613","3","3","0","3197","1250","1947","194","73","121","53","24","29","21","10","11",,,,,"-2"
"186876","Stockton University","2022","Part-time students total","915","300","615","0","0","0","47","23","24","95","27","68","115","44","71","0","0","0","624","190","434","23","11","12","5","2","3","6","3","3",,,,,"-2"
"186876","Stockton University","2022","Part-time students, Undergraduate total","381","175","206","0","0","0","24","15","9","32","11","21","68","37","31","0","0","0","241","103","138","13","8","5","3","1","2","0","0","0",,,,,"-2"
"186876","Stockton University","2022","Part-time students, Undergraduate, Degree/certificate-seeking total","358","171","187","0","0","0","23","15","8","31","11","20","66","36","30","0","0","0","222","100","122","13","8","5","3","1","2","0","0","0",,,,,"-2"
"186876","Stockton University","2022","Part-time students, Undergraduate, Degree/certificate-seeking, First-time","2","1","1","0","0","0","0","0","0","1","0","1","0","0","0","0","0","0","0","0","0","1","1","0","0","0","0","0","0","0",,,,,"-2"
"186876","Stockton University","2022","Part-time students, Undergraduate, Degree/certificate-seeking, Other degree/certificate-seeking","356","170","186","0","0","0","23","15","8","30","11","19","66","36","30","0","0","0","222","100","122","12","7","5","3","1","2","0","0","0",,,,,"-2"
"186876","Stockton University","2022","Part-time students, Undergraduate, Non-degree/certificate-seeking","23","4","19","0","0","0","1","0","1","1","0","1","2","1","1","0","0","0","19","3","16","0","0","0","0","0","0","0","0","0",,,,,"-2"
"186876","Stockton University","2022","Part-time students, Graduate","534","125","409","0","0","0","23","8","15","63","16","47","47","7","40","0","0","0","383","87","296","10","3","7","2","1","1","6","3","3",,,,,"-2"
"186876","Stockton University","2022","Part-time students, Undergraduate, Other degree/certificatee-seeking, Transfer-ins","18","10","8","0","0","0","0","0","0","3","2","1","3","3","0","0","0","0","10","4","6","1","0","1","1","1","0","0","0","0",,,,,"-2"
"186876","Stockton University","2022","Part-time students, Undergraduate, Other degree/certificatee-seeking, Continuing","338","160","178","0","0","0","23","15","8","27","9","18","63","33","30","0","0","0","212","96","116","11","7","4","2","0","2","0","0","0",,,,,"-2"
"190150","Columbia University in the City of New York","2022","All students total","34782","16150","18632","55","20","35","4549","1987","2562","1777","692","1085","2966","1288","1678","25","15","10","8998","4145","4853","1152","470","682","1219","589","630","14041","6944","7097","44","37","81","34701","-2"
"190150","Columbia University in the City of New York","2022","All students, Undergraduate total","8902","4530","4372","27","13","14","1641","793","848","663","309","354","1372","698","674","13","10","3","2815","1497","1318","571","268","303","136","64","72","1664","878","786","1","37","38","8864","-2"
"190150","Columbia University in the City of New York","2022","All students, Undergraduate, Degree/certificate-seeking total","8902","4530","4372","27","13","14","1641","793","848","663","309","354","1372","698","674","13","10","3","2815","1497","1318","571","268","303","136","64","72","1664","878","786",,,,,"-2"
"190150","Columbia University in the City of New York","2022","All students, Undergraduate, Degree/certificate-seeking, First-time","1540","761","779","6","2","4","293","142","151","132","60","72","287","127","160","4","3","1","410","218","192","123","62","61","26","8","18","259","139","120",,,,,"-2"
"190150","Columbia University in the City of New York","2022","All students, Undergraduate, Other degree/certificate-seeking","7362","3769","3593","21","11","10","1348","651","697","531","249","282","1085","571","514","9","7","2","2405","1279","1126","448","206","242","110","56","54","1405","739","666",,,,,"-2"
"190150","Columbia University in the City of New York","2022","All students, Graduate","25880","11620","14260","28","7","21","2908","1194","1714","1114","383","731","1594","590","1004","12","5","7","6183","2648","3535","581","202","379","1083","525","558","12377","6066","6311","43",,"43","25837","-2"
"190150","Columbia University in the City of New York","2022","All students, Undergraduate, Other degree/certificatee-seeking, Transfer-ins","693","398","295","0","0","0","112","68","44","49","20","29","75","35","40","0","0","0","203","132","71","33","16","17","8","4","4","213","123","90",,,,,"-2"
"190150","Columbia University in the City of New York","2022","All students, Undergraduate, Other degree/certificatee-seeking, Continuing","6669","3371","3298","21","11","10","1236","583","653","482","229","253","1010","536","474","9","7","2","2202","1147","1055","415","190","225","102","52","50","1192","616","576",,,,,"-2"
"190150","Columbia University in the City of New York","2022","Full-time students total","28383","12951","15432","50","18","32","3739","1600","2139","1519","599","920","2528","1094","1434","21","13","8","7392","3388","4004","1013","422","591","804","367","437","11317","5450","5867",,,,,"-2"
"190150","Columbia University in the City of New York","2022","Full-time students, Undergraduate total","8263","4218","4045","27","13","14","1573","770","803","627","294","333","1292","653","639","12","10","2","2506","1335","1171","545","258","287","112","55","57","1569","830","739",,,,,"-2"
"190150","Columbia University in the City of New York","2022","Full-time students, Undergraduate, Degree/certificate-seeking total","8263","4218","4045","27","13","14","1573","770","803","627","294","333","1292","653","639","12","10","2","2506","1335","1171","545","258","287","112","55","57","1569","830","739",,,,,"-2"
"190150","Columbia University in the City of New York","2022","Full-time students, Undergraduate, Degree/certificate-seeking, First-time","1494","738","756","6","2","4","292","142","150","132","60","72","286","126","160","4","3","1","379","200","179","123","62","61","21","6","15","251","137","114",,,,,"-2"
"190150","Columbia University in the City of New York","2022","Full-time students, Undergraduate, Degree/certificate-seeking, Other degree/certificate-seeking","6769","3480","3289","21","11","10","1281","628","653","495","234","261","1006","527","479","8","7","1","2127","1135","992","422","196","226","91","49","42","1318","693","625",,,,,"-2"
"190150","Columbia University in the City of New York","2022","Full-time students, Graduate","20120","8733","11387","23","5","18","2166","830","1336","892","305","587","1236","441","795","9","3","6","4886","2053","2833","468","164","304","692","312","380","9748","4620","5128",,,,,"-2"
"190150","Columbia University in the City of New York","2022","Full-time students, Undergraduate, Other degree/certificatee-seeking, Transfer-ins","565","342","223","0","0","0","96","66","30","37","17","20","61","28","33","0","0","0","168","115","53","28","15","13","4","1","3","171","100","71",,,,,"-2"
"190150","Columbia University in the City of New York","2022","Full-time students, Undergraduate, Other degree/certificatee-seeking, Continuing","6204","3138","3066","21","11","10","1185","562","623","458","217","241","945","499","446","8","7","1","1959","1020","939","394","181","213","87","48","39","1147","593","554",,,,,"-2"
"190150","Columbia University in the City of New York","2022","Part-time students total","6399","3199","3200","5","2","3","810","387","423","258","93","165","438","194","244","4","2","2","1606","757","849","139","48","91","415","222","193","2724","1494","1230",,,,,"-2"
"190150","Columbia University in the City of New York","2022","Part-time students, Undergraduate total","639","312","327","0","0","0","68","23","45","36","15","21","80","45","35","1","0","1","309","162","147","26","10","16","24","9","15","95","48","47",,,,,"-2"
"190150","Columbia University in the City of New York","2022","Part-time students, Undergraduate, Degree/certificate-seeking total","639","312","327","0","0","0","68","23","45","36","15","21","80","45","35","1","0","1","309","162","147","26","10","16","24","9","15","95","48","47",,,,,"-2"
"190150","Columbia University in the City of New York","2022","Part-time students, Undergraduate, Degree/certificate-seeking, First-time","46","23","23","0","0","0","1","0","1","0","0","0","1","1","0","0","0","0","31","18","13","0","0","0","5","2","3","8","2","6",,,,,"-2"
"190150","Columbia University in the City of New York","2022","Part-time students, Undergraduate, Degree/certificate-seeking, Other degree/certificate-seeking","593","289","304","0","0","0","67","23","44","36","15","21","79","44","35","1","0","1","278","144","134","26","10","16","19","7","12","87","46","41",,,,,"-2"
"190150","Columbia University in the City of New York","2022","Part-time students, Graduate","5760","2887","2873","5","2","3","742","364","378","222","78","144","358","149","209","3","2","1","1297","595","702","113","38","75","391","213","178","2629","1446","1183",,,,,"-2"
"190150","Columbia University in the City of New York","2022","Part-time students, Undergraduate, Other degree/certificatee-seeking, Transfer-ins","128","56","72","0","0","0","16","2","14","12","3","9","14","7","7","0","0","0","35","17","18","5","1","4","4","3","1","42","23","19",,,,,"-2"
"190150","Columbia University in the City of New York","2022","Part-time students, Undergraduate, Other degree/certificatee-seeking, Continuing","465","233","232","0","0","0","51","21","30","24","12","12","65","37","28","1","0","1","243","127","116","21","9","12","15","4","11","45","23","22",,,,,"-2"
"190415","Cornell University","2022","All students total","25898","12213","13685","61","31","30","4637","1988","2649","1523","680","843","2900","1393","1507","22","12","10","7840","3840","4000","1113","492","621","1367","648","719","6435","3129","3306","0",,"0","25898","-2"
"190415","Cornell University","2022","All students, Undergraduate total","15735","7162","8573","40","22","18","3670","1526","2144","1150","507","643","2311","1111","1200","21","11","10","5147","2484","2663","862","381","481","943","427","516","1591","693","898","0",,"0","15735","-2"
"190415","Cornell University","2022","All students, Undergraduate, Degree/certificate-seeking total","15676","7135","8541","40","22","18","3669","1526","2143","1150","507","643","2311","1111","1200","21","11","10","5147","2484","2663","861","381","480","940","424","516","1537","669","868",,,,,"-2"
"190415","Cornell University","2022","All students, Undergraduate, Degree/certificate-seeking, First-time","3491","1570","1921","5","5","0","823","341","482","290","143","147","538","253","285","5","2","3","1071","475","596","213","96","117","210","106","104","336","149","187",,,,,"-2"
"190415","Cornell University","2022","All students, Undergraduate, Other degree/certificate-seeking","12185","5565","6620","35","17","18","2846","1185","1661","860","364","496","1773","858","915","16","9","7","4076","2009","2067","648","285","363","730","318","412","1201","520","681",,,,,"-2"
"190415","Cornell University","2022","All students, Undergraduate, Non-degree/certificate-seeking","59","27","32","0","0","0","1","0","1","0","0","0","0","0","0","0","0","0","0","0","0","1","0","1","3","3","0","54","24","30",,,,,"-2"
"190415","Cornell University","2022","All students, Graduate","10163","5051","5112","21","9","12","967","462","505","373","173","200","589","282","307","1","1","0","2693","1356","1337","251","111","140","424","221","203","4844","2436","2408","0",,"0","10163","-2"
"190415","Cornell University","2022","All students, Undergraduate, Other degree/certificatee-seeking, Transfer-ins","631","278","353","0","0","0","274","107","167","17","8","9","50","20","30","0","0","0","176","80","96","30","13","17","31","16","15","53","34","19",,,,,"-2"
"190415","Cornell University","2022","All students, Undergraduate, Other degree/certificatee-seeking, Continuing","11554","5287","6267","35","17","18","2572","1078","1494","843","356","487","1723","838","885","16","9","7","3900","1929","1971","618","272","346","699","302","397","1148","486","662",,,,,"-2"
"190415","Cornell University","2022","Full-time students total","25098","11788","13310","57","29","28","4523","1925","2598","1457","646","811","2836","1358","1478","21","12","9","7497","3645","3852","1088","477","611","1309","623","686","6310","3073","3237",,,,,"-2"
"190415","Cornell University","2022","Full-time students, Undergraduate total","15685","7132","8553","39","21","18","3664","1522","2142","1147","504","643","2306","1107","1199","20","11","9","5121","2470","2651","859","379","480","940","425","515","1589","693","896",,,,,"-2"
"190415","Cornell University","2022","Full-time students, Undergraduate, Degree/certificate-seeking total","15627","7105","8522","39","21","18","3663","1522","2141","1147","504","643","2306","1107","1199","20","11","9","5121","2470","2651","858","379","479","937","422","515","1536","669","867",,,,,"-2"
"190415","Cornell University","2022","Full-time students, Undergraduate, Degree/certificate-seeking, First-time","3491","1570","1921","5","5","0","823","341","482","290","143","147","538","253","285","5","2","3","1071","475","596","213","96","117","210","106","104","336","149","187",,,,,"-2"
"190415","Cornell University","2022","Full-time students, Undergraduate, Degree/certificate-seeking, Other degree/certificate-seeking","12136","5535","6601","34","16","18","2840","1181","1659","857","361","496","1768","854","914","15","9","6","4050","1995","2055","645","283","362","727","316","411","1200","520","680",,,,,"-2"
"190415","Cornell University","2022","Full-time students, Undergraduate, Non-degree/certificate-seeking","58","27","31","0","0","0","1","0","1","0","0","0","0","0","0","0","0","0","0","0","0","1","0","1","3","3","0","53","24","29",,,,,"-2"
"190415","Cornell University","2022","Full-time students, Graduate","9413","4656","4757","18","8","10","859","403","456","310","142","168","530","251","279","1","1","0","2376","1175","1201","229","98","131","369","198","171","4721","2380","2341",,,,,"-2"
"190415","Cornell University","2022","Full-time students, Undergraduate, Other degree/certificatee-seeking, Transfer-ins","631","278","353","0","0","0","274","107","167","17","8","9","50","20","30","0","0","0","176","80","96","30","13","17","31","16","15","53","34","19",,,,,"-2"
"190415","Cornell University","2022","Full-time students, Undergraduate, Other degree/certificatee-seeking, Continuing","11505","5257","6248","34","16","18","2566","1074","1492","840","353","487","1718","834","884","15","9","6","3874","1915","1959","615","270","345","696","300","396","1147","486","661",,,,,"-2"
"190415","Cornell University","2022","Part-time students total","800","425","375","4","2","2","114","63","51","66","34","32","64","35","29","1","0","1","343","195","148","25","15","10","58","25","33","125","56","69",,,,,"-2"
"190415","Cornell University","2022","Part-time students, Undergraduate total","50","30","20","1","1","0","6","4","2","3","3","0","5","4","1","1","0","1","26","14","12","3","2","1","3","2","1","2","0","2",,,,,"-2"
"190415","Cornell University","2022","Part-time students, Undergraduate, Degree/certificate-seeking total","49","30","19","1","1","0","6","4","2","3","3","0","5","4","1","1","0","1","26","14","12","3","2","1","3","2","1","1","0","1",,,,,"-2"
"190415","Cornell University","2022","Part-time students, Undergraduate, Degree/certificate-seeking, Other degree/certificate-seeking","49","30","19","1","1","0","6","4","2","3","3","0","5","4","1","1","0","1","26","14","12","3","2","1","3","2","1","1","0","1",,,,,"-2"
"190415","Cornell University","2022","Part-time students, Undergraduate, Non-degree/certificate-seeking","1","0","1","0","0","0","0","0","0","0","0","0","0","0","0","0","0","0","0","0","0","0","0","0","0","0","0","1","0","1",,,,,"-2"
"190415","Cornell University","2022","Part-time students, Graduate","750","395","355","3","1","2","108","59","49","63","31","32","59","31","28","0","0","0","317","181","136","22","13","9","55","23","32","123","56","67",,,,,"-2"
"190415","Cornell University","2022","Part-time students, Undergraduate, Other degree/certificatee-seeking, Continuing","49","30","19","1","1","0","6","4","2","3","3","0","5","4","1","1","0","1","26","14","12","3","2","1","3","2","1","1","0","1",,,,,"-2"
"191649","Hofstra University","2022","All students total","10238","4143","6095","24","11","13","1342","537","805","864","306","558","1431","548","883","8","2","6","5289","2151","3138","336","128","208","400","171","229","544","289","255","0","0","0","10238","-2"
"191649","Hofstra University","2022","All students, Undergraduate total","6110","2645","3465","14","6","8","846","349","497","547","208","339","987","403","584","2","0","2","3068","1361","1707","245","101","144","131","64","67","270","153","117","0","0","0","6110","-2"
"191649","Hofstra University","2022","All students, Undergraduate, Degree/certificate-seeking total","6051","2606","3445","14","6","8","844","347","497","545","206","339","981","398","583","2","0","2","3060","1353","1707","244","100","144","117","57","60","244","139","105",,,,,"-2"
"191649","Hofstra University","2022","All students, Undergraduate, Degree/certificate-seeking, First-time","1710","711","999","3","2","1","281","113","168","181","67","114","288","111","177","0","0","0","793","353","440","73","27","46","36","15","21","55","23","32",,,,,"-2"
"191649","Hofstra University","2022","All students, Undergraduate, Other degree/certificate-seeking","4341","1895","2446","11","4","7","563","234","329","364","139","225","693","287","406","2","0","2","2267","1000","1267","171","73","98","81","42","39","189","116","73",,,,,"-2"
"191649","Hofstra University","2022","All students, Undergraduate, Non-degree/certificate-seeking","59","39","20","0","0","0","2","2","0","2","2","0","6","5","1","0","0","0","8","8","0","1","1","0","14","7","7","26","14","12",,,,,"-2"
"191649","Hofstra University","2022","All students, Graduate","4128","1498","2630","10","5","5","496","188","308","317","98","219","444","145","299","6","2","4","2221","790","1431","91","27","64","269","107","162","274","136","138","0","0","0","4128","-2"
"191649","Hofstra University","2022","All students, Undergraduate, Other degree/certificatee-seeking, Transfer-ins","240","114","126","0","0","0","24","11","13","30","10","20","36","14","22","0","0","0","122","61","61","5","2","3","5","4","1","18","12","6",,,,,"-2"
"191649","Hofstra University","2022","All students, Undergraduate, Other degree/certificatee-seeking, Continuing","4101","1781","2320","11","4","7","539","223","316","334","129","205","657","273","384","2","0","2","2145","939","1206","166","71","95","76","38","38","171","104","67",,,,,"-2"
"191649","Hofstra University","2022","Full-time students total","8858","3653","5205","20","9","11","1181","472","709","697","252","445","1255","485","770","6","2","4","4619","1917","2702","301","114","187","276","132","144","503","270","233",,,,,"-2"
"191649","Hofstra University","2022","Full-time students, Undergraduate total","5842","2502","3340","13","6","7","806","329","477","505","189","316","940","378","562","1","0","1","2971","1303","1668","237","97","140","108","53","55","261","147","114",,,,,"-2"
"191649","Hofstra University","2022","Full-time students, Undergraduate, Degree/certificate-seeking total","5818","2490","3328","13","6","7","806","329","477","505","189","316","940","378","562","1","0","1","2971","1303","1668","237","97","140","108","53","55","237","135","102",,,,,"-2"
"191649","Hofstra University","2022","Full-time students, Undergraduate, Degree/certificate-seeking, First-time","1704","708","996","3","2","1","280","113","167","180","67","113","287","110","177","0","0","0","791","352","439","72","26","46","36","15","21","55","23","32",,,,,"-2"
"191649","Hofstra University","2022","Full-time students, Undergraduate, Degree/certificate-seeking, Other degree/certificate-seeking","4114","1782","2332","10","4","6","526","216","310","325","122","203","653","268","385","1","0","1","2180","951","1229","165","71","94","72","38","34","182","112","70",,,,,"-2"
"191649","Hofstra University","2022","Full-time students, Undergraduate, Non-degree/certificate-seeking","24","12","12","0","0","0","0","0","0","0","0","0","0","0","0","0","0","0","0","0","0","0","0","0","0","0","0","24","12","12",,,,,"-2"
"191649","Hofstra University","2022","Full-time students, Graduate","3016","1151","1865","7","3","4","375","143","232","192","63","129","315","107","208","5","2","3","1648","614","1034","64","17","47","168","79","89","242","123","119",,,,,"-2"
"191649","Hofstra University","2022","Full-time students, Undergraduate, Other degree/certificatee-seeking, Transfer-ins","204","101","103","0","0","0","14","9","5","23","9","14","33","12","21","0","0","0","107","54","53","5","2","3","4","3","1","18","12","6",,,,,"-2"
"191649","Hofstra University","2022","Full-time students, Undergraduate, Other degree/certificatee-seeking, Continuing","3910","1681","2229","10","4","6","512","207","305","302","113","189","620","256","364","1","0","1","2073","897","1176","160","69","91","68","35","33","164","100","64",,,,,"-2"
"191649","Hofstra University","2022","Part-time students total","1380","490","890","4","2","2","161","65","96","167","54","113","176","63","113","2","0","2","670","234","436","35","14","21","124","39","85","41","19","22",,,,,"-2"
"191649","Hofstra University","2022","Part-time students, Undergraduate total","268","143","125","1","0","1","40","20","20","42","19","23","47","25","22","1","0","1","97","58","39","8","4","4","23","11","12","9","6","3",,,,,"-2"
"191649","Hofstra University","2022","Part-time students, Undergraduate, Degree/certificate-seeking total","233","116","117","1","0","1","38","18","20","40","17","23","41","20","21","1","0","1","89","50","39","7","3","4","9","4","5","7","4","3",,,,,"-2"
"191649","Hofstra University","2022","Part-time students, Undergraduate, Degree/certificate-seeking, First-time","6","3","3","0","0","0","1","0","1","1","0","1","1","1","0","0","0","0","2","1","1","1","1","0","0","0","0","0","0","0",,,,,"-2"
"191649","Hofstra University","2022","Part-time students, Undergraduate, Degree/certificate-seeking, Other degree/certificate-seeking","227","113","114","1","0","1","37","18","19","39","17","22","40","19","21","1","0","1","87","49","38","6","2","4","9","4","5","7","4","3",,,,,"-2"
"191649","Hofstra University","2022","Part-time students, Undergraduate, Non-degree/certificate-seeking","35","27","8","0","0","0","2","2","0","2","2","0","6","5","1","0","0","0","8","8","0","1","1","0","14","7","7","2","2","0",,,,,"-2"
"191649","Hofstra University","2022","Part-time students, Graduate","1112","347","765","3","2","1","121","45","76","125","35","90","129","38","91","1","0","1","573","176","397","27","10","17","101","28","73","32","13","19",,,,,"-2"
"191649","Hofstra University","2022","Part-time students, Undergraduate, Other degree/certificatee-seeking, Transfer-ins","36","13","23","0","0","0","10","2","8","7","1","6","3","2","1","0","0","0","15","7","8","0","0","0","1","1","0","0","0","0",,,,,"-2"
"191649","Hofstra University","2022","Part-time students, Undergraduate, Other degree/certificatee-seeking, Continuing","191","100","91","1","0","1","27","16","11","32","16","16","37","17","20","1","0","1","72","42","30","6","2","4","8","3","5","7","4","3",,,,,"-2"
"196060","SUNY at Albany","2022","All students total","16658","7200","9458","39","15","24","1378","610","768","3013","1163","1850","2671","1043","1628","11","3","8","7302","3322","3980","628","240","388","334","153","181","1282","651","631","0",,"0","16658","-2"
"196060","SUNY at Albany","2022","All students, Undergraduate total","12264","5604","6660","35","14","21","1138","535","603","2661","1048","1613","2274","917","1357","9","3","6","5028","2569","2459","520","203","317","184","96","88","415","219","196","0",,"0","12264","-2"
"196060","SUNY at Albany","2022","All students, Undergraduate, Degree/certificate-seeking total","12175","5562","6613","35","14","21","1132","532","600","2656","1046","1610","2265","913","1352","9","3","6","4997","2551","2446","516","201","315","154","84","70","411","218","193",,,,,"-2"
"196060","SUNY at Albany","2022","All students, Undergraduate, Degree/certificate-seeking, First-time","2651","1114","1537","5","3","2","278","135","143","629","235","394","562","194","368","1","0","1","950","438","512","109","44","65","28","16","12","89","49","40",,,,,"-2"
"196060","SUNY at Albany","2022","All students, Undergraduate, Other degree/certificate-seeking","9524","4448","5076","30","11","19","854","397","457","2027","811","1216","1703","719","984","8","3","5","4047","2113","1934","407","157","250","126","68","58","322","169","153",,,,,"-2"
"196060","SUNY at Albany","2022","All students, Undergraduate, Non-degree/certificate-seeking","89","42","47","0","0","0","6","3","3","5","2","3","9","4","5","0","0","0","31","18","13","4","2","2","30","12","18","4","1","3",,,,,"-2"
"196060","SUNY at Albany","2022","All students, Graduate","4394","1596","2798","4","1","3","240","75","165","352","115","237","397","126","271","2","0","2","2274","753","1521","108","37","71","150","57","93","867","432","435","0",,"0","4394","-2"
"196060","SUNY at Albany","2022","All students, Undergraduate, Other degree/certificatee-seeking, Transfer-ins","861","445","416","3","1","2","59","29","30","153","78","75","120","58","62","2","1","1","425","228","197","41","20","21","20","11","9","38","19","19",,,,,"-2"
"196060","SUNY at Albany","2022","All students, Undergraduate, Other degree/certificatee-seeking, Continuing","8663","4003","4660","27","10","17","795","368","427","1874","733","1141","1583","661","922","6","2","4","3622","1885","1737","366","137","229","106","57","49","284","150","134",,,,,"-2"
"196060","SUNY at Albany","2022","Full-time students total","13760","6104","7656","31","13","18","1174","533","641","2764","1065","1699","2380","933","1447","10","2","8","5647","2718","2929","550","211","339","201","103","98","1003","526","477",,,,,"-2"
"196060","SUNY at Albany","2022","Full-time students, Undergraduate total","11541","5240","6301","31","13","18","1066","498","568","2556","995","1561","2173","870","1303","8","2","6","4674","2382","2292","490","190","300","145","81","64","398","209","189",,,,,"-2"
"196060","SUNY at Albany","2022","Full-time students, Undergraduate, Degree/certificate-seeking total","11535","5240","6295","31","13","18","1065","498","567","2556","995","1561","2173","870","1303","8","2","6","4671","2382","2289","490","190","300","144","81","63","397","209","188",,,,,"-2"
"196060","SUNY at Albany","2022","Full-time students, Undergraduate, Degree/certificate-seeking, First-time","2645","1111","1534","5","3","2","277","134","143","628","235","393","561","194","367","1","0","1","948","437","511","108","43","65","28","16","12","89","49","40",,,,,"-2"
"196060","SUNY at Albany","2022","Full-time students, Undergraduate, Degree/certificate-seeking, Other degree/certificate-seeking","8890","4129","4761","26","10","16","788","364","424","1928","760","1168","1612","676","936","7","2","5","3723","1945","1778","382","147","235","116","65","51","308","160","148",,,,,"-2"
"196060","SUNY at Albany","2022","Full-time students, Undergraduate, Non-degree/certificate-seeking","6","0","6","0","0","0","1","0","1","0","0","0","0","0","0","0","0","0","3","0","3","0","0","0","1","0","1","1","0","1",,,,,"-2"
"196060","SUNY at Albany","2022","Full-time students, Graduate","2219","864","1355","0","0","0","108","35","73","208","70","138","207","63","144","2","0","2","973","336","637","60","21","39","56","22","34","605","317","288",,,,,"-2"
"196060","SUNY at Albany","2022","Full-time students, Undergraduate, Other degree/certificatee-seeking, Transfer-ins","808","420","388","3","1","2","56","28","28","148","75","73","115","58","57","1","0","1","392","214","178","37","16","21","19","10","9","37","18","19",,,,,"-2"
"196060","SUNY at Albany","2022","Full-time students, Undergraduate, Other degree/certificatee-seeking, Continuing","8082","3709","4373","23","9","14","732","336","396","1780","685","1095","1497","618","879","6","2","4","3331","1731","1600","345","131","214","97","55","42","271","142","129",,,,,"-2"
"196060","SUNY at Albany","2022","Part-time students total","2898","1096","1802","8","2","6","204","77","127","249","98","151","291","110","181","1","1","0","1655","604","1051","78","29","49","133","50","83","279","125","154",,,,,"-2"
"196060","SUNY at Albany","2022","Part-time students, Undergraduate total","723","364","359","4","1","3","72","37","35","105","53","52","101","47","54","1","1","0","354","187","167","30","13","17","39","15","24","17","10","7",,,,,"-2"
"196060","SUNY at Albany","2022","Part-time students, Undergraduate, Degree/certificate-seeking total","640","322","318","4","1","3","67","34","33","100","51","49","92","43","49","1","1","0","326","169","157","26","11","15","10","3","7","14","9","5",,,,,"-2"
"196060","SUNY at Albany","2022","Part-time students, Undergraduate, Degree/certificate-seeking, First-time","6","3","3","0","0","0","1","1","0","1","0","1","1","0","1","0","0","0","2","1","1","1","1","0","0","0","0","0","0","0",,,,,"-2"
"196060","SUNY at Albany","2022","Part-time students, Undergraduate, Degree/certificate-seeking, Other degree/certificate-seeking","634","319","315","4","1","3","66","33","33","99","51","48","91","43","48","1","1","0","324","168","156","25","10","15","10","3","7","14","9","5",,,,,"-2"
"196060","SUNY at Albany","2022","Part-time students, Undergraduate, Non-degree/certificate-seeking","83","42","41","0","0","0","5","3","2","5","2","3","9","4","5","0","0","0","28","18","10","4","2","2","29","12","17","3","1","2",,,,,"-2"
"196060","SUNY at Albany","2022","Part-time students, Graduate","2175","732","1443","4","1","3","132","40","92","144","45","99","190","63","127","0","0","0","1301","417","884","48","16","32","94","35","59","262","115","147",,,,,"-2"
"196060","SUNY at Albany","2022","Part-time students, Undergraduate, Other degree/certificatee-seeking, Transfer-ins","53","25","28","0","0","0","3","1","2","5","3","2","5","0","5","1","1","0","33","14","19","4","4","0","1","1","0","1","1","0",,,,,"-2"
"196060","SUNY at Albany","2022","Part-time students, Undergraduate, Other degree/certificatee-seeking, Continuing","581","294","287","4","1","3","63","32","31","94","48","46","86","43","43","0","0","0","291","154","137","21","6","15","9","2","7","13","8","5",,,,,"-2"
"196097","Stony Brook University","2022","All students total","25710","12181","13529","17","7","10","6829","3369","3460","1464","521","943","3316","1327","1989","17","9","8","7844","3504","4340","625","273","352","2002","885","1117","3596","2286","1310","0",,"0","25710","-2"
"196097","Stony Brook University","2022","All students, Undergraduate total","17509","8610","8899","12","4","8","5917","2984","2933","1050","375","675","2590","1089","1501","11","6","5","4785","2409","2376","480","216","264","928","478","450","1736","1049","687","0",,"0","17509","-2"
"196097","Stony Brook University","2022","All students, Undergraduate, Degree/certificate-seeking total","17406","8570","8836","12","4","8","5916","2983","2933","1050","375","675","2588","1087","1501","11","6","5","4783","2408","2375","480","216","264","912","471","441","1654","1020","634",,,,,"-2"
"196097","Stony Brook University","2022","All students, Undergraduate, Degree/certificate-seeking, First-time","3347","1611","1736","1","0","1","1396","696","700","198","84","114","481","184","297","0","0","0","760","383","377","92","36","56","176","80","96","243","148","95",,,,,"-2"
"196097","Stony Brook University","2022","All students, Undergraduate, Other degree/certificate-seeking","14059","6959","7100","11","4","7","4520","2287","2233","852","291","561","2107","903","1204","11","6","5","4023","2025","1998","388","180","208","736","391","345","1411","872","539",,,,,"-2"
"196097","Stony Brook University","2022","All students, Undergraduate, Non-degree/certificate-seeking","103","40","63","0","0","0","1","1","0","0","0","0","2","2","0","0","0","0","2","1","1","0","0","0","16","7","9","82","29","53",,,,,"-2"
"196097","Stony Brook University","2022","All students, Graduate","8201","3571","4630","5","3","2","912","385","527","414","146","268","726","238","488","6","3","3","3059","1095","1964","145","57","88","1074","407","667","1860","1237","623","0",,"0","8201","-2"
"196097","Stony Brook University","2022","All students, Undergraduate, Other degree/certificatee-seeking, Transfer-ins","1179","523","656","2","1","1","222","112","110","87","24","63","233","92","141","1","1","0","487","216","271","39","17","22","44","21","23","64","39","25",,,,,"-2"
"196097","Stony Brook University","2022","All students, Undergraduate, Other degree/certificatee-seeking, Continuing","12880","6436","6444","9","3","6","4298","2175","2123","765","267","498","1874","811","1063","10","5","5","3536","1809","1727","349","163","186","692","370","322","1347","833","514",,,,,"-2"
"196097","Stony Brook University","2022","Full-time students total","21993","10787","11206","12","6","6","6440","3186","3254","1192","435","757","2814","1148","1666","12","6","6","6192","2936","3256","551","244","307","1459","728","731","3321","2098","1223",,,,,"-2"
"196097","Stony Brook University","2022","Full-time students, Undergraduate total","16406","8018","8388","9","4","5","5728","2874","2854","971","346","625","2362","977","1385","10","5","5","4354","2170","2184","447","198","249","862","443","419","1663","1001","662",,,,,"-2"
"196097","Stony Brook University","2022","Full-time students, Undergraduate, Degree/certificate-seeking total","16314","7988","8326","9","4","5","5728","2874","2854","971","346","625","2361","976","1385","10","5","5","4353","2170","2183","447","198","249","853","442","411","1582","973","609",,,,,"-2"
"196097","Stony Brook University","2022","Full-time students, Undergraduate, Degree/certificate-seeking, First-time","3342","1609","1733","1","0","1","1395","695","700","198","84","114","480","184","296","0","0","0","758","383","375","92","36","56","176","80","96","242","147","95",,,,,"-2"
"196097","Stony Brook University","2022","Full-time students, Undergraduate, Degree/certificate-seeking, Other degree/certificate-seeking","12972","6379","6593","8","4","4","4333","2179","2154","773","262","511","1881","792","1089","10","5","5","3595","1787","1808","355","162","193","677","362","315","1340","826","514",,,,,"-2"
"196097","Stony Brook University","2022","Full-time students, Undergraduate, Non-degree/certificate-seeking","92","30","62","0","0","0","0","0","0","0","0","0","1","1","0","0","0","0","1","0","1","0","0","0","9","1","8","81","28","53",,,,,"-2"
"196097","Stony Brook University","2022","Full-time students, Graduate","5587","2769","2818","3","2","1","712","312","400","221","89","132","452","171","281","2","1","1","1838","766","1072","104","46","58","597","285","312","1658","1097","561",,,,,"-2"
"196097","Stony Brook University","2022","Full-time students, Undergraduate, Other degree/certificatee-seeking, Transfer-ins","1093","483","610","1","1","0","216","109","107","84","24","60","215","86","129","1","1","0","441","190","251","36","16","20","39","19","20","60","37","23",,,,,"-2"
"196097","Stony Brook University","2022","Full-time students, Undergraduate, Other degree/certificatee-seeking, Continuing","11879","5896","5983","7","3","4","4117","2070","2047","689","238","451","1666","706","960","9","4","5","3154","1597","1557","319","146","173","638","343","295","1280","789","491",,,,,"-2"
"196097","Stony Brook University","2022","Part-time students total","3717","1394","2323","5","1","4","389","183","206","272","86","186","502","179","323","5","3","2","1652","568","1084","74","29","45","543","157","386","275","188","87",,,,,"-2"
"196097","Stony Brook University","2022","Part-time students, Undergraduate total","1103","592","511","3","0","3","189","110","79","79","29","50","228","112","116","1","1","0","431","239","192","33","18","15","66","35","31","73","48","25",,,,,"-2"
"196097","Stony Brook University","2022","Part-time students, Undergraduate, Degree/certificate-seeking total","1092","582","510","3","0","3","188","109","79","79","29","50","227","111","116","1","1","0","430","238","192","33","18","15","59","29","30","72","47","25",,,,,"-2"
"196097","Stony Brook University","2022","Part-time students, Undergraduate, Degree/certificate-seeking, First-time","5","2","3","0","0","0","1","1","0","0","0","0","1","0","1","0","0","0","2","0","2","0","0","0","0","0","0","1","1","0",,,,,"-2"
"196097","Stony Brook University","2022","Part-time students, Undergraduate, Degree/certificate-seeking, Other degree/certificate-seeking","1087","580","507","3","0","3","187","108","79","79","29","50","226","111","115","1","1","0","428","238","190","33","18","15","59","29","30","71","46","25",,,,,"-2"
"196097","Stony Brook University","2022","Part-time students, Undergraduate, Non-degree/certificate-seeking","11","10","1","0","0","0","1","1","0","0","0","0","1","1","0","0","0","0","1","1","0","0","0","0","7","6","1","1","1","0",,,,,"-2"
"196097","Stony Brook University","2022","Part-time students, Graduate","2614","802","1812","2","1","1","200","73","127","193","57","136","274","67","207","4","2","2","1221","329","892","41","11","30","477","122","355","202","140","62",,,,,"-2"
"196097","Stony Brook University","2022","Part-time students, Undergraduate, Other degree/certificatee-seeking, Transfer-ins","86","40","46","1","0","1","6","3","3","3","0","3","18","6","12","0","0","0","46","26","20","3","1","2","5","2","3","4","2","2",,,,,"-2"
"196097","Stony Brook University","2022","Part-time students, Undergraduate, Other degree/certificatee-seeking, Continuing","1001","540","461","2","0","2","181","105","76","76","29","47","208","105","103","1","1","0","382","212","170","30","17","13","54","27","27","67","44","23",,,,,"-2"
"197869","Appalachian State University","2022","All students total","20436","8650","11786","47","12","35","334","137","197","748","329","419","1604","636","968","3","0","3","16536","7070","9466","878","349","529","130","58","72","156","59","97","1",,"1","20435","-2"
"197869","Appalachian State University","2022","All students, Undergraduate total","18558","8097","10461","37","11","26","307","130","177","593","284","309","1530","619","911","2","0","2","15002","6619","8383","844","334","510","112","54","58","131","46","85","1",,"1","18557","-2"
"197869","Appalachian State University","2022","All students, Undergraduate, Degree/certificate-seeking total","18467","8060","10407","27","8","19","307","130","177","588","281","307","1524","618","906","2","0","2","14978","6609","8369","842","333","509","112","54","58","87","27","60",,,,,"-2"
"197869","Appalachian State University","2022","All students, Undergraduate, Degree/certificate-seeking, First-time","3917","1640","2277","8","3","5","59","24","35","111","55","56","327","134","193","1","0","1","3140","1328","1812","215","73","142","21","12","9","35","11","24",,,,,"-2"
"197869","Appalachian State University","2022","All students, Undergraduate, Other degree/certificate-seeking","14550","6420","8130","19","5","14","248","106","142","477","226","251","1197","484","713","1","0","1","11838","5281","6557","627","260","367","91","42","49","52","16","36",,,,,"-2"
"197869","Appalachian State University","2022","All students, Undergraduate, Non-degree/certificate-seeking","91","37","54","10","3","7","0","0","0","5","3","2","6","1","5","0","0","0","24","10","14","2","1","1","0","0","0","44","19","25",,,,,"-2"
"197869","Appalachian State University","2022","All students, Graduate","1878","553","1325","10","1","9","27","7","20","155","45","110","74","17","57","1","0","1","1534","451","1083","34","15","19","18","4","14","25","13","12","0",,"0","1878","-2"
"197869","Appalachian State University","2022","All students, Undergraduate, Other degree/certificatee-seeking, Transfer-ins","1498","646","852","1","0","1","32","15","17","61","28","33","122","53","69","0","0","0","1197","514","683","65","31","34","5","1","4","15","4","11",,,,,"-2"
"197869","Appalachian State University","2022","All students, Undergraduate, Other degree/certificatee-seeking, Continuing","13052","5774","7278","18","5","13","216","91","125","416","198","218","1075","431","644","1","0","1","10641","4767","5874","562","229","333","86","41","45","37","12","25",,,,,"-2"
"197869","Appalachian State University","2022","Full-time students total","18223","7874","10349","26","8","18","306","130","176","579","280","299","1455","587","868","2","0","2","14774","6438","8336","830","330","500","108","51","57","143","50","93",,,,,"-2"
"197869","Appalachian State University","2022","Full-time students, Undergraduate total","17365","7573","9792","26","8","18","290","125","165","537","262","275","1413","576","837","2","0","2","14069","6196","7873","806","317","489","102","50","52","120","39","81",,,,,"-2"
"197869","Appalachian State University","2022","Full-time students, Undergraduate, Degree/certificate-seeking total","17319","7552","9767","26","8","18","290","125","165","534","259","275","1413","576","837","2","0","2","14069","6196","7873","806","317","489","102","50","52","77","21","56",,,,,"-2"
"197869","Appalachian State University","2022","Full-time students, Undergraduate, Degree/certificate-seeking, First-time","3899","1635","2264","8","3","5","58","24","34","109","55","54","325","133","192","1","0","1","3131","1326","1805","211","71","140","21","12","9","35","11","24",,,,,"-2"
"197869","Appalachian State University","2022","Full-time students, Undergraduate, Degree/certificate-seeking, Other degree/certificate-seeking","13420","5917","7503","18","5","13","232","101","131","425","204","221","1088","443","645","1","0","1","10938","4870","6068","595","246","349","81","38","43","42","10","32",,,,,"-2"
"197869","Appalachian State University","2022","Full-time students, Undergraduate, Non-degree/certificate-seeking","46","21","25","0","0","0","0","0","0","3","3","0","0","0","0","0","0","0","0","0","0","0","0","0","0","0","0","43","18","25",,,,,"-2"
"197869","Appalachian State University","2022","Full-time students, Graduate","858","301","557","0","0","0","16","5","11","42","18","24","42","11","31","0","0","0","705","242","463","24","13","11","6","1","5","23","11","12",,,,,"-2"
"197869","Appalachian State University","2022","Full-time students, Undergraduate, Other degree/certificatee-seeking, Transfer-ins","1316","598","718","1","0","1","28","14","14","48","27","21","107","50","57","0","0","0","1055","472","583","62","31","31","3","1","2","12","3","9",,,,,"-2"
"197869","Appalachian State University","2022","Full-time students, Undergraduate, Other degree/certificatee-seeking, Continuing","12104","5319","6785","17","5","12","204","87","117","377","177","200","981","393","588","1","0","1","9883","4398","5485","533","215","318","78","37","41","30","7","23",,,,,"-2"
"197869","Appalachian State University","2022","Part-time students total","2213","776","1437","21","4","17","28","7","21","169","49","120","149","49","100","1","0","1","1762","632","1130","48","19","29","22","7","15","13","9","4",,,,,"-2"
"197869","Appalachian State University","2022","Part-time students, Undergraduate total","1193","524","669","11","3","8","17","5","12","56","22","34","117","43","74","0","0","0","933","423","510","38","17","21","10","4","6","11","7","4",,,,,"-2"
"197869","Appalachian State University","2022","Part-time students, Undergraduate, Degree/certificate-seeking total","1148","508","640","1","0","1","17","5","12","54","22","32","111","42","69","0","0","0","909","413","496","36","16","20","10","4","6","10","6","4",,,,,"-2"
"197869","Appalachian State University","2022","Part-time students, Undergraduate, Degree/certificate-seeking, First-time","18","5","13","0","0","0","1","0","1","2","0","2","2","1","1","0","0","0","9","2","7","4","2","2","0","0","0","0","0","0",,,,,"-2"
"197869","Appalachian State University","2022","Part-time students, Undergraduate, Degree/certificate-seeking, Other degree/certificate-seeking","1130","503","627","1","0","1","16","5","11","52","22","30","109","41","68","0","0","0","900","411","489","32","14","18","10","4","6","10","6","4",,,,,"-2"
"197869","Appalachian State University","2022","Part-time students, Undergraduate, Non-degree/certificate-seeking","45","16","29","10","3","7","0","0","0","2","0","2","6","1","5","0","0","0","24","10","14","2","1","1","0","0","0","1","1","0",,,,,"-2"
"197869","Appalachian State University","2022","Part-time students, Graduate","1020","252","768","10","1","9","11","2","9","113","27","86","32","6","26","1","0","1","829","209","620","10","2","8","12","3","9","2","2","0",,,,,"-2"
"197869","Appalachian State University","2022","Part-time students, Undergraduate, Other degree/certificatee-seeking, Transfer-ins","182","48","134","0","0","0","4","1","3","13","1","12","15","3","12","0","0","0","142","42","100","3","0","3","2","0","2","3","1","2",,,,,"-2"
"197869","Appalachian State University","2022","Part-time students, Undergraduate, Other degree/certificatee-seeking, Continuing","948","455","493","1","0","1","12","4","8","39","21","18","94","38","56","0","0","0","758","369","389","29","14","15","8","4","4","7","5","2",,,,,"-2"
"198419","Duke University","2022","All students total","18023","8161","9862","38","10","28","2420","1149","1271","1317","450","867","1425","582","843","15","6","9","6796","2979","3817","894","347","547","687","311","376","4431","2327","2104","0",,"0","18023","-2"
"198419","Duke University","2022","All students, Undergraduate total","6640","3153","3487","18","4","14","1395","700","695","567","212","355","728","320","408","4","2","2","2440","1200","1240","493","201","292","331","151","180","664","363","301","0",,"0","6640","-2"
"198419","Duke University","2022","All students, Undergraduate, Degree/certificate-seeking total","6570","3129","3441","17","3","14","1394","699","695","563","209","354","724","320","404","4","2","2","2430","1195","1235","492","201","291","290","139","151","656","361","295",,,,,"-2"
"198419","Duke University","2022","All students, Undergraduate, Degree/certificate-seeking, First-time","1745","793","952","3","0","3","374","183","191","154","49","105","206","86","120","2","1","1","602","280","322","136","55","81","80","43","37","188","96","92",,,,,"-2"
"198419","Duke University","2022","All students, Undergraduate, Other degree/certificate-seeking","4825","2336","2489","14","3","11","1020","516","504","409","160","249","518","234","284","2","1","1","1828","915","913","356","146","210","210","96","114","468","265","203",,,,,"-2"
"198419","Duke University","2022","All students, Undergraduate, Non-degree/certificate-seeking","70","24","46","1","1","0","1","1","0","4","3","1","4","0","4","0","0","0","10","5","5","1","0","1","41","12","29","8","2","6",,,,,"-2"
"198419","Duke University","2022","All students, Graduate","11383","5008","6375","20","6","14","1025","449","576","750","238","512","697","262","435","11","4","7","4356","1779","2577","401","146","255","356","160","196","3767","1964","1803","0",,"0","11383","-2"
"198419","Duke University","2022","All students, Undergraduate, Other degree/certificatee-seeking, Transfer-ins","59","22","37","0","0","0","11","2","9","2","0","2","2","1","1","1","0","1","21","11","10","5","1","4","0","0","0","17","7","10",,,,,"-2"
"198419","Duke University","2022","All students, Undergraduate, Other degree/certificatee-seeking, Continuing","4766","2314","2452","14","3","11","1009","514","495","407","160","247","516","233","283","1","1","0","1807","904","903","351","145","206","210","96","114","451","258","193",,,,,"-2"
"198419","Duke University","2022","Full-time students total","17425","7850","9575","35","8","27","2366","1121","1245","1290","439","851","1388","569","819","14","6","8","6597","2866","3731","877","339","538","617","282","335","4241","2220","2021",,,,,"-2"
"198419","Duke University","2022","Full-time students, Undergraduate total","6589","3128","3461","17","3","14","1387","696","691","565","211","354","723","318","405","4","2","2","2429","1194","1235","491","201","290","320","147","173","653","356","297",,,,,"-2"
"198419","Duke University","2022","Full-time students, Undergraduate, Degree/certificate-seeking total","6543","3114","3429","17","3","14","1387","696","691","563","209","354","721","318","403","4","2","2","2421","1191","1230","491","201","290","290","139","151","649","355","294",,,,,"-2"
"198419","Duke University","2022","Full-time students, Undergraduate, Degree/certificate-seeking, First-time","1745","793","952","3","0","3","374","183","191","154","49","105","206","86","120","2","1","1","602","280","322","136","55","81","80","43","37","188","96","92",,,,,"-2"
"198419","Duke University","2022","Full-time students, Undergraduate, Degree/certificate-seeking, Other degree/certificate-seeking","4798","2321","2477","14","3","11","1013","513","500","409","160","249","515","232","283","2","1","1","1819","911","908","355","146","209","210","96","114","461","259","202",,,,,"-2"
"198419","Duke University","2022","Full-time students, Undergraduate, Non-degree/certificate-seeking","46","14","32","0","0","0","0","0","0","2","2","0","2","0","2","0","0","0","8","3","5","0","0","0","30","8","22","4","1","3",,,,,"-2"
"198419","Duke University","2022","Full-time students, Graduate","10836","4722","6114","18","5","13","979","425","554","725","228","497","665","251","414","10","4","6","4168","1672","2496","386","138","248","297","135","162","3588","1864","1724",,,,,"-2"
"198419","Duke University","2022","Full-time students, Undergraduate, Other degree/certificatee-seeking, Transfer-ins","59","22","37","0","0","0","11","2","9","2","0","2","2","1","1","1","0","1","21","11","10","5","1","4","0","0","0","17","7","10",,,,,"-2"
"198419","Duke University","2022","Full-time students, Undergraduate, Other degree/certificatee-seeking, Continuing","4739","2299","2440","14","3","11","1002","511","491","407","160","247","513","231","282","1","1","0","1798","900","898","350","145","205","210","96","114","444","252","192",,,,,"-2"
"198419","Duke University","2022","Part-time students total","598","311","287","3","2","1","54","28","26","27","11","16","37","13","24","1","0","1","199","113","86","17","8","9","70","29","41","190","107","83",,,,,"-2"
"198419","Duke University","2022","Part-time students, Undergraduate total","51","25","26","1","1","0","8","4","4","2","1","1","5","2","3","0","0","0","11","6","5","2","0","2","11","4","7","11","7","4",,,,,"-2"
"198419","Duke University","2022","Part-time students, Undergraduate, Degree/certificate-seeking total","27","15","12","0","0","0","7","3","4","0","0","0","3","2","1","0","0","0","9","4","5","1","0","1","0","0","0","7","6","1",,,,,"-2"
"198419","Duke University","2022","Part-time students, Undergraduate, Degree/certificate-seeking, Other degree/certificate-seeking","27","15","12","0","0","0","7","3","4","0","0","0","3","2","1","0","0","0","9","4","5","1","0","1","0","0","0","7","6","1",,,,,"-2"
"198419","Duke University","2022","Part-time students, Undergraduate, Non-degree/certificate-seeking","24","10","14","1","1","0","1","1","0","2","1","1","2","0","2","0","0","0","2","2","0","1","0","1","11","4","7","4","1","3",,,,,"-2"
"198419","Duke University","2022","Part-time students, Graduate","547","286","261","2","1","1","46","24","22","25","10","15","32","11","21","1","0","1","188","107","81","15","8","7","59","25","34","179","100","79",,,,,"-2"
"198419","Duke University","2022","Part-time students, Undergraduate, Other degree/certificatee-seeking, Continuing","27","15","12","0","0","0","7","3","4","0","0","0","3","2","1","0","0","0","9","4","5","1","0","1","0","0","0","7","6","1",,,,,"-2"
"198622","Guilford Technical Community College","2022","All students total","10067","4194","5873","60","21","39","548","243","305","3371","1124","2247","1381","579","802","7","4","3","3993","1900","2093","306","134","172","302","139","163","99","50","49","0",,"0","10067","-2"
"198622","Guilford Technical Community College","2022","All students, Undergraduate total","10067","4194","5873","60","21","39","548","243","305","3371","1124","2247","1381","579","802","7","4","3","3993","1900","2093","306","134","172","302","139","163","99","50","49","0",,"0","10067","-2"
"198622","Guilford Technical Community College","2022","All students, Undergraduate, Degree/certificate-seeking total","8035","3353","4682","53","20","33","382","172","210","2872","951","1921","1112","470","642","7","4","3","3036","1470","1566","237","106","131","239","111","128","97","49","48",,,,,"-2"
"198622","Guilford Technical Community College","2022","All students, Undergraduate, Degree/certificate-seeking, First-time","1291","686","605","9","3","6","60","35","25","390","179","211","257","123","134","2","2","0","445","267","178","52","30","22","45","27","18","31","20","11",,,,,"-2"
"198622","Guilford Technical Community College","2022","All students, Undergraduate, Other degree/certificate-seeking","6744","2667","4077","44","17","27","322","137","185","2482","772","1710","855","347","508","5","2","3","2591","1203","1388","185","76","109","194","84","110","66","29","37",,,,,"-2"
"198622","Guilford Technical Community College","2022","All students, Undergraduate, Non-degree/certificate-seeking","2032","841","1191","7","1","6","166","71","95","499","173","326","269","109","160","0","0","0","957","430","527","69","28","41","63","28","35","2","1","1",,,,,"-2"
"198622","Guilford Technical Community College","2022","All students, Undergraduate, Other degree/certificatee-seeking, Transfer-ins","1008","392","616","8","4","4","19","9","10","439","140","299","102","35","67","1","0","1","364","173","191","23","8","15","45","20","25","7","3","4",,,,,"-2"
"198622","Guilford Technical Community College","2022","All students, Undergraduate, Other degree/certificatee-seeking, Continuing","5736","2275","3461","36","13","23","303","128","175","2043","632","1411","753","312","441","4","2","2","2227","1030","1197","162","68","94","149","64","85","59","26","33",,,,,"-2"
"198622","Guilford Technical Community College","2022","Full-time students total","3546","1634","1912","21","10","11","190","96","94","1117","376","741","530","239","291","4","3","1","1419","780","639","113","52","61","98","51","47","54","27","27",,,,,"-2"
"198622","Guilford Technical Community College","2022","Full-time students, Undergraduate total","3546","1634","1912","21","10","11","190","96","94","1117","376","741","530","239","291","4","3","1","1419","780","639","113","52","61","98","51","47","54","27","27",,,,,"-2"
"198622","Guilford Technical Community College","2022","Full-time students, Undergraduate, Degree/certificate-seeking total","3261","1516","1745","21","10","11","167","86","81","1013","349","664","485","215","270","4","3","1","1322","731","591","102","47","55","94","49","45","53","26","27",,,,,"-2"
"198622","Guilford Technical Community College","2022","Full-time students, Undergraduate, Degree/certificate-seeking, First-time","650","375","275","4","3","1","31","21","10","151","76","75","135","62","73","2","2","0","260","174","86","30","17","13","17","10","7","20","10","10",,,,,"-2"
"198622","Guilford Technical Community College","2022","Full-time students, Undergraduate, Degree/certificate-seeking, Other degree/certificate-seeking","2611","1141","1470","17","7","10","136","65","71","862","273","589","350","153","197","2","1","1","1062","557","505","72","30","42","77","39","38","33","16","17",,,,,"-2"
"198622","Guilford Technical Community College","2022","Full-time students, Undergraduate, Non-degree/certificate-seeking","285","118","167","0","0","0","23","10","13","104","27","77","45","24","21","0","0","0","97","49","48","11","5","6","4","2","2","1","1","0",,,,,"-2"
"198622","Guilford Technical Community College","2022","Full-time students, Undergraduate, Other degree/certificatee-seeking, Transfer-ins","427","193","234","5","3","2","9","4","5","162","54","108","48","16","32","1","0","1","169","101","68","12","3","9","18","10","8","3","2","1",,,,,"-2"
"198622","Guilford Technical Community College","2022","Full-time students, Undergraduate, Other degree/certificatee-seeking, Continuing","2184","948","1236","12","4","8","127","61","66","700","219","481","302","137","165","1","1","0","893","456","437","60","27","33","59","29","30","30","14","16",,,,,"-2"
"198622","Guilford Technical Community College","2022","Part-time students total","6521","2560","3961","39","11","28","358","147","211","2254","748","1506","851","340","511","3","1","2","2574","1120","1454","193","82","111","204","88","116","45","23","22",,,,,"-2"
"198622","Guilford Technical Community College","2022","Part-time students, Undergraduate total","6521","2560","3961","39","11","28","358","147","211","2254","748","1506","851","340","511","3","1","2","2574","1120","1454","193","82","111","204","88","116","45","23","22",,,,,"-2"
"198622","Guilford Technical Community College","2022","Part-time students, Undergraduate, Degree/certificate-seeking total","4774","1837","2937","32","10","22","215","86","129","1859","602","1257","627","255","372","3","1","2","1714","739","975","135","59","76","145","62","83","44","23","21",,,,,"-2"
"198622","Guilford Technical Community College","2022","Part-time students, Undergraduate, Degree/certificate-seeking, First-time","641","311","330","5","0","5","29","14","15","239","103","136","122","61","61","0","0","0","185","93","92","22","13","9","28","17","11","11","10","1",,,,,"-2"
"198622","Guilford Technical Community College","2022","Part-time students, Undergraduate, Degree/certificate-seeking, Other degree/certificate-seeking","4133","1526","2607","27","10","17","186","72","114","1620","499","1121","505","194","311","3","1","2","1529","646","883","113","46","67","117","45","72","33","13","20",,,,,"-2"
"198622","Guilford Technical Community College","2022","Part-time students, Undergraduate, Non-degree/certificate-seeking","1747","723","1024","7","1","6","143","61","82","395","146","249","224","85","139","0","0","0","860","381","479","58","23","35","59","26","33","1","0","1",,,,,"-2"
"198622","Guilford Technical Community College","2022","Part-time students, Undergraduate, Other degree/certificatee-seeking, Transfer-ins","581","199","382","3","1","2","10","5","5","277","86","191","54","19","35","0","0","0","195","72","123","11","5","6","27","10","17","4","1","3",,,,,"-2"
"198622","Guilford Technical Community College","2022","Part-time students, Undergraduate, Other degree/certificatee-seeking, Continuing","3552","1327","2225","24","9","15","176","67","109","1343","413","930","451","175","276","3","1","2","1334","574","760","102","41","61","90","35","55","29","12","17",,,,,"-2"
"199193","North Carolina State University at Raleigh","2022","All students total","36700","18643","18057","123","63","60","2983","1491","1492","2303","973","1330","2570","1211","1359","24","15","9","22487","11265","11222","1465","686","779","776","406","370","3969","2533","1436","0",,"0","36700","-2"
"199193","North Carolina State University at Raleigh","2022","All students, Undergraduate total","26254","13287","12967","93","48","45","2442","1220","1222","1540","706","834","2086","1008","1078","19","11","8","17505","8921","8584","1202","563","639","583","324","259","784","486","298","0",,"0","26254","-2"
"199193","North Carolina State University at Raleigh","2022","All students, Undergraduate, Degree/certificate-seeking total","25109","12667","12442","89","45","44","2313","1140","1173","1475","675","800","2035","987","1048","18","10","8","16957","8616","8341","1156","541","615","396","229","167","670","424","246",,,,,"-2"
"199193","North Carolina State University at Raleigh","2022","All students, Undergraduate, Degree/certificate-seeking, First-time","5627","2727","2900","21","11","10","560","272","288","333","156","177","484","221","263","4","3","1","3794","1849","1945","268","115","153","44","25","19","119","75","44",,,,,"-2"
"199193","North Carolina State University at Raleigh","2022","All students, Undergraduate, Other degree/certificate-seeking","19482","9940","9542","68","34","34","1753","868","885","1142","519","623","1551","766","785","14","7","7","13163","6767","6396","888","426","462","352","204","148","551","349","202",,,,,"-2"
"199193","North Carolina State University at Raleigh","2022","All students, Undergraduate, Non-degree/certificate-seeking","1145","620","525","4","3","1","129","80","49","65","31","34","51","21","30","1","1","0","548","305","243","46","22","24","187","95","92","114","62","52",,,,,"-2"
"199193","North Carolina State University at Raleigh","2022","All students, Graduate","10446","5356","5090","30","15","15","541","271","270","763","267","496","484","203","281","5","4","1","4982","2344","2638","263","123","140","193","82","111","3185","2047","1138","0",,"0","10446","-2"
"199193","North Carolina State University at Raleigh","2022","All students, Undergraduate, Other degree/certificatee-seeking, Transfer-ins","1284","731","553","3","3","0","128","74","54","58","31","27","152","82","70","2","1","1","808","466","342","68","36","32","11","7","4","54","31","23",,,,,"-2"
"199193","North Carolina State University at Raleigh","2022","All students, Undergraduate, Other degree/certificatee-seeking, Continuing","18198","9209","8989","65","31","34","1625","794","831","1084","488","596","1399","684","715","12","6","6","12355","6301","6054","820","390","430","341","197","144","497","318","179",,,,,"-2"
"199193","North Carolina State University at Raleigh","2022","Full-time students total","31047","15675","15372","104","55","49","2503","1207","1296","1848","789","1059","2201","1029","1172","21","13","8","18970","9399","9571","1262","582","680","435","236","199","3703","2365","1338",,,,,"-2"
"199193","North Carolina State University at Raleigh","2022","Full-time students, Undergraduate total","23828","11905","11923","85","44","41","2186","1061","1125","1411","651","760","1913","921","992","18","10","8","16080","8092","7988","1080","499","581","345","194","151","710","433","277",,,,,"-2"
"199193","North Carolina State University at Raleigh","2022","Full-time students, Undergraduate, Degree/certificate-seeking total","23645","11800","11845","83","43","40","2181","1059","1122","1397","640","757","1909","920","989","17","9","8","16027","8056","7971","1079","498","581","325","180","145","627","395","232",,,,,"-2"
"199193","North Carolina State University at Raleigh","2022","Full-time students, Undergraduate, Degree/certificate-seeking, First-time","5610","2718","2892","21","11","10","558","271","287","330","155","175","481","220","261","4","3","1","3787","1844","1943","267","115","152","44","25","19","118","74","44",,,,,"-2"
"199193","North Carolina State University at Raleigh","2022","Full-time students, Undergraduate, Degree/certificate-seeking, Other degree/certificate-seeking","18035","9082","8953","62","32","30","1623","788","835","1067","485","582","1428","700","728","13","6","7","12240","6212","6028","812","383","429","281","155","126","509","321","188",,,,,"-2"
"199193","North Carolina State University at Raleigh","2022","Full-time students, Undergraduate, Non-degree/certificate-seeking","183","105","78","2","1","1","5","2","3","14","11","3","4","1","3","1","1","0","53","36","17","1","1","0","20","14","6","83","38","45",,,,,"-2"
"199193","North Carolina State University at Raleigh","2022","Full-time students, Graduate","7219","3770","3449","19","11","8","317","146","171","437","138","299","288","108","180","3","3","0","2890","1307","1583","182","83","99","90","42","48","2993","1932","1061",,,,,"-2"
"199193","North Carolina State University at Raleigh","2022","Full-time students, Undergraduate, Other degree/certificatee-seeking, Transfer-ins","1186","670","516","3","3","0","123","70","53","54","29","25","140","74","66","2","1","1","745","429","316","60","32","28","9","5","4","50","27","23",,,,,"-2"
"199193","North Carolina State University at Raleigh","2022","Full-time students, Undergraduate, Other degree/certificatee-seeking, Continuing","16849","8412","8437","59","29","30","1500","718","782","1013","456","557","1288","626","662","11","5","6","11495","5783","5712","752","351","401","272","150","122","459","294","165",,,,,"-2"
"199193","North Carolina State University at Raleigh","2022","Part-time students total","5653","2968","2685","19","8","11","480","284","196","455","184","271","369","182","187","3","2","1","3517","1866","1651","203","104","99","341","170","171","266","168","98",,,,,"-2"
"199193","North Carolina State University at Raleigh","2022","Part-time students, Undergraduate total","2426","1382","1044","8","4","4","256","159","97","129","55","74","173","87","86","1","1","0","1425","829","596","122","64","58","238","130","108","74","53","21",,,,,"-2"
"199193","North Carolina State University at Raleigh","2022","Part-time students, Undergraduate, Degree/certificate-seeking total","1464","867","597","6","2","4","132","81","51","78","35","43","126","67","59","1","1","0","930","560","370","77","43","34","71","49","22","43","29","14",,,,,"-2"
"199193","North Carolina State University at Raleigh","2022","Part-time students, Undergraduate, Degree/certificate-seeking, First-time","17","9","8","0","0","0","2","1","1","3","1","2","3","1","2","0","0","0","7","5","2","1","0","1","0","0","0","1","1","0",,,,,"-2"
"199193","North Carolina State University at Raleigh","2022","Part-time students, Undergraduate, Degree/certificate-seeking, Other degree/certificate-seeking","1447","858","589","6","2","4","130","80","50","75","34","41","123","66","57","1","1","0","923","555","368","76","43","33","71","49","22","42","28","14",,,,,"-2"
"199193","North Carolina State University at Raleigh","2022","Part-time students, Undergraduate, Non-degree/certificate-seeking","962","515","447","2","2","0","124","78","46","51","20","31","47","20","27","0","0","0","495","269","226","45","21","24","167","81","86","31","24","7",,,,,"-2"
"199193","North Carolina State University at Raleigh","2022","Part-time students, Graduate","3227","1586","1641","11","4","7","224","125","99","326","129","197","196","95","101","2","1","1","2092","1037","1055","81","40","41","103","40","63","192","115","77",,,,,"-2"
"199193","North Carolina State University at Raleigh","2022","Part-time students, Undergraduate, Other degree/certificatee-seeking, Transfer-ins","98","61","37","0","0","0","5","4","1","4","2","2","12","8","4","0","0","0","63","37","26","8","4","4","2","2","0","4","4","0",,,,,"-2"
"199193","North Carolina State University at Raleigh","2022","Part-time students, Undergraduate, Other degree/certificatee-seeking, Continuing","1349","797","552","6","2","4","125","76","49","71","32","39","111","58","53","1","1","0","860","518","342","68","39","29","69","47","22","38","24","14",,,,,"-2"
"199847","Wake Forest University","2022","All students total","8963","3876","5087","11","3","8","459","199","260","696","296","400","777","311","466","0","0","0","5676","2425","3251","390","178","212","111","54","57","843","410","433","0","10","10","8953","-2"
"199847","Wake Forest University","2022","All students, Undergraduate total","5447","2445","3002","3","1","2","227","116","111","339","159","180","481","197","284","0","0","0","3591","1584","2007","297","136","161","43","21","22","466","231","235","0","0","0","5447","-2"
"199847","Wake Forest University","2022","All students, Undergraduate, Degree/certificate-seeking total","5446","2444","3002","3","1","2","227","116","111","338","158","180","481","197","284","0","0","0","3591","1584","2007","297","136","161","43","21","22","466","231","235",,,,,"-2"
"199847","Wake Forest University","2022","All students, Undergraduate, Degree/certificate-seeking, First-time","1370","621","749","1","0","1","68","41","27","83","32","51","139","58","81","0","0","0","847","371","476","97","46","51","26","15","11","109","58","51",,,,,"-2"
"199847","Wake Forest University","2022","All students, Undergraduate, Other degree/certificate-seeking","4076","1823","2253","2","1","1","159","75","84","255","126","129","342","139","203","0","0","0","2744","1213","1531","200","90","110","17","6","11","357","173","184",,,,,"-2"
"199847","Wake Forest University","2022","All students, Undergraduate, Non-degree/certificate-seeking","1","1","0","0","0","0","0","0","0","1","1","0","0","0","0","0","0","0","0","0","0","0","0","0","0","0","0","0","0","0",,,,,"-2"
"199847","Wake Forest University","2022","All students, Graduate","3516","1431","2085","8","2","6","232","83","149","357","137","220","296","114","182","0","0","0","2085","841","1244","93","42","51","68","33","35","377","179","198","0","10","10","3506","-2"
"199847","Wake Forest University","2022","All students, Undergraduate, Other degree/certificatee-seeking, Transfer-ins","30","13","17","0","0","0","1","0","1","4","3","1","2","1","1","0","0","0","21","8","13","0","0","0","1","1","0","1","0","1",,,,,"-2"
"199847","Wake Forest University","2022","All students, Undergraduate, Other degree/certificatee-seeking, Continuing","4046","1810","2236","2","1","1","158","75","83","251","123","128","340","138","202","0","0","0","2723","1205","1518","200","90","110","16","5","11","356","173","183",,,,,"-2"
"199847","Wake Forest University","2022","Full-time students total","7952","3537","4415","8","2","6","418","186","232","547","240","307","695","283","412","0","0","0","5001","2210","2791","371","169","202","99","51","48","813","396","417",,,,,"-2"
"199847","Wake Forest University","2022","Full-time students, Undergraduate total","5389","2411","2978","3","1","2","224","115","109","336","157","179","476","194","282","0","0","0","3551","1560","1991","291","133","158","43","21","22","465","230","235",,,,,"-2"
"199847","Wake Forest University","2022","Full-time students, Undergraduate, Degree/certificate-seeking total","5388","2410","2978","3","1","2","224","115","109","335","156","179","476","194","282","0","0","0","3551","1560","1991","291","133","158","43","21","22","465","230","235",,,,,"-2"
"199847","Wake Forest University","2022","Full-time students, Undergraduate, Degree/certificate-seeking, First-time","1370","621","749","1","0","1","68","41","27","83","32","51","139","58","81","0","0","0","847","371","476","97","46","51","26","15","11","109","58","51",,,,,"-2"
"199847","Wake Forest University","2022","Full-time students, Undergraduate, Degree/certificate-seeking, Other degree/certificate-seeking","4018","1789","2229","2","1","1","156","74","82","252","124","128","337","136","201","0","0","0","2704","1189","1515","194","87","107","17","6","11","356","172","184",,,,,"-2"
"199847","Wake Forest University","2022","Full-time students, Undergraduate, Non-degree/certificate-seeking","1","1","0","0","0","0","0","0","0","1","1","0","0","0","0","0","0","0","0","0","0","0","0","0","0","0","0","0","0","0",,,,,"-2"
"199847","Wake Forest University","2022","Full-time students, Graduate","2563","1126","1437","5","1","4","194","71","123","211","83","128","219","89","130","0","0","0","1450","650","800","80","36","44","56","30","26","348","166","182",,,,,"-2"
"199847","Wake Forest University","2022","Full-time students, Undergraduate, Other degree/certificatee-seeking, Transfer-ins","30","13","17","0","0","0","1","0","1","4","3","1","2","1","1","0","0","0","21","8","13","0","0","0","1","1","0","1","0","1",,,,,"-2"
"199847","Wake Forest University","2022","Full-time students, Undergraduate, Other degree/certificatee-seeking, Continuing","3988","1776","2212","2","1","1","155","74","81","248","121","127","335","135","200","0","0","0","2683","1181","1502","194","87","107","16","5","11","355","172","183",,,,,"-2"
"199847","Wake Forest University","2022","Part-time students total","1011","339","672","3","1","2","41","13","28","149","56","93","82","28","54","0","0","0","675","215","460","19","9","10","12","3","9","30","14","16",,,,,"-2"
"199847","Wake Forest University","2022","Part-time students, Undergraduate total","58","34","24","0","0","0","3","1","2","3","2","1","5","3","2","0","0","0","40","24","16","6","3","3","0","0","0","1","1","0",,,,,"-2"
"199847","Wake Forest University","2022","Part-time students, Undergraduate, Degree/certificate-seeking total","58","34","24","0","0","0","3","1","2","3","2","1","5","3","2","0","0","0","40","24","16","6","3","3","0","0","0","1","1","0",,,,,"-2"
"199847","Wake Forest University","2022","Part-time students, Undergraduate, Degree/certificate-seeking, Other degree/certificate-seeking","58","34","24","0","0","0","3","1","2","3","2","1","5","3","2","0","0","0","40","24","16","6","3","3","0","0","0","1","1","0",,,,,"-2"
"199847","Wake Forest University","2022","Part-time students, Graduate","953","305","648","3","1","2","38","12","26","146","54","92","77","25","52","0","0","0","635","191","444","13","6","7","12","3","9","29","13","16",,,,,"-2"
"199847","Wake Forest University","2022","Part-time students, Undergraduate, Other degree/certificatee-seeking, Continuing","58","34","24","0","0","0","3","1","2","3","2","1","5","3","2","0","0","0","40","24","16","6","3","3","0","0","0","1","1","0",,,,,"-2"
"204501","Oberlin College","2022","All students total","2992","1226","1766","0","0","0","155","50","105","136","59","77","245","102","143","0","0","0","1837","734","1103","286","120","166","36","19","17","297","142","155","0",,"0","2992","-2"
"204501","Oberlin College","2022","All students, Undergraduate total","2986","1220","1766","0","0","0","154","49","105","136","59","77","245","102","143","0","0","0","1836","733","1103","285","119","166","36","19","17","294","139","155","0",,"0","2986","-2"
"204501","Oberlin College","2022","All students, Undergraduate, Degree/certificate-seeking total","2986","1220","1766","0","0","0","154","49","105","136","59","77","245","102","143","0","0","0","1836","733","1103","285","119","166","36","19","17","294","139","155",,,,,"-2"
"204501","Oberlin College","2022","All students, Undergraduate, Degree/certificate-seeking, First-time","882","357","525","0","0","0","51","14","37","31","10","21","72","25","47","0","0","0","551","226","325","96","42","54","12","5","7","69","35","34",,,,,"-2"
"204501","Oberlin College","2022","All students, Undergraduate, Other degree/certificate-seeking","2104","863","1241","0","0","0","103","35","68","105","49","56","173","77","96","0","0","0","1285","507","778","189","77","112","24","14","10","225","104","121",,,,,"-2"
"204501","Oberlin College","2022","All students, Graduate","6","6","0","0","0","0","1","1","0","0","0","0","0","0","0","0","0","0","1","1","0","1","1","0","0","0","0","3","3","0","0",,"0","6","-2"
"204501","Oberlin College","2022","All students, Undergraduate, Other degree/certificatee-seeking, Transfer-ins","9","3","6","0","0","0","3","0","3","0","0","0","0","0","0","0","0","0","3","2","1","2","1","1","0","0","0","1","0","1",,,,,"-2"
"204501","Oberlin College","2022","All students, Undergraduate, Other degree/certificatee-seeking, Continuing","2095","860","1235","0","0","0","100","35","65","105","49","56","173","77","96","0","0","0","1282","505","777","187","76","111","24","14","10","224","104","120",,,,,"-2"
"204501","Oberlin College","2022","Full-time students total","2984","1222","1762","0","0","0","154","50","104","136","59","77","245","102","143","0","0","0","1830","730","1100","286","120","166","36","19","17","297","142","155",,,,,"-2"
"204501","Oberlin College","2022","Full-time students, Undergraduate total","2978","1216","1762","0","0","0","153","49","104","136","59","77","245","102","143","0","0","0","1829","729","1100","285","119","166","36","19","17","294","139","155",,,,,"-2"
"204501","Oberlin College","2022","Full-time students, Undergraduate, Degree/certificate-seeking total","2978","1216","1762","0","0","0","153","49","104","136","59","77","245","102","143","0","0","0","1829","729","1100","285","119","166","36","19","17","294","139","155",,,,,"-2"
"204501","Oberlin College","2022","Full-time students, Undergraduate, Degree/certificate-seeking, First-time","882","357","525","0","0","0","51","14","37","31","10","21","72","25","47","0","0","0","551","226","325","96","42","54","12","5","7","69","35","34",,,,,"-2"
"204501","Oberlin College","2022","Full-time students, Undergraduate, Degree/certificate-seeking, Other degree/certificate-seeking","2096","859","1237","0","0","0","102","35","67","105","49","56","173","77","96","0","0","0","1278","503","775","189","77","112","24","14","10","225","104","121",,,,,"-2"
"204501","Oberlin College","2022","Full-time students, Graduate","6","6","0","0","0","0","1","1","0","0","0","0","0","0","0","0","0","0","1","1","0","1","1","0","0","0","0","3","3","0",,,,,"-2"
"204501","Oberlin College","2022","Full-time students, Undergraduate, Other degree/certificatee-seeking, Transfer-ins","9","3","6","0","0","0","3","0","3","0","0","0","0","0","0","0","0","0","3","2","1","2","1","1","0","0","0","1","0","1",,,,,"-2"
"204501","Oberlin College","2022","Full-time students, Undergraduate, Other degree/certificatee-seeking, Continuing","2087","856","1231","0","0","0","99","35","64","105","49","56","173","77","96","0","0","0","1275","501","774","187","76","111","24","14","10","224","104","120",,,,,"-2"
"204501","Oberlin College","2022","Part-time students total","8","4","4","0","0","0","1","0","1","0","0","0","0","0","0","0","0","0","7","4","3","0","0","0","0","0","0","0","0","0",,,,,"-2"
"204501","Oberlin College","2022","Part-time students, Undergraduate total","8","4","4","0","0","0","1","0","1","0","0","0","0","0","0","0","0","0","7","4","3","0","0","0","0","0","0","0","0","0",,,,,"-2"
"204501","Oberlin College","2022","Part-time students, Undergraduate, Degree/certificate-seeking total","8","4","4","0","0","0","1","0","1","0","0","0","0","0","0","0","0","0","7","4","3","0","0","0","0","0","0","0","0","0",,,,,"-2"
"204501","Oberlin College","2022","Part-time students, Undergraduate, Degree/certificate-seeking, Other degree/certificate-seeking","8","4","4","0","0","0","1","0","1","0","0","0","0","0","0","0","0","0","7","4","3","0","0","0","0","0","0","0","0","0",,,,,"-2"
"204501","Oberlin College","2022","Part-time students, Undergraduate, Other degree/certificatee-seeking, Continuing","8","4","4","0","0","0","1","0","1","0","0","0","0","0","0","0","0","0","7","4","3","0","0","0","0","0","0","0","0","0",,,,,"-2"
"204796","Ohio State University-Main Campus","2022","All students total","60540","29012","31528","34","11","23","5204","2545","2659","4544","1792","2752","3383","1518","1865","25","16","9","36982","17470","19512","2549","1118","1431","2016","1129","887","5803","3413","2390","711",,"711","59829","-2"
"204796","Ohio State University-Main Campus","2022","All students, Undergraduate total","46123","23014","23109","23","8","15","4255","2167","2088","3608","1495","2113","2473","1139","1334","23","16","7","29059","14478","14581","2063","941","1122","1419","829","590","3200","1941","1259","528",,"528","45595","-2"
"204796","Ohio State University-Main Campus","2022","All students, Undergraduate, Degree/certificate-seeking total","45140","22549","22591","21","6","15","4090","2081","2009","3499","1466","2033","2435","1121","1314","21","14","7","28551","14227","14324","2013","916","1097","1369","801","568","3141","1917","1224",,,,,"-2"
"204796","Ohio State University-Main Campus","2022","All students, Undergraduate, Degree/certificate-seeking, First-time","8060","3771","4289","1","0","1","946","455","491","483","163","320","436","194","242","2","2","0","4705","2126","2579","344","145","199","250","140","110","893","546","347",,,,,"-2"
"204796","Ohio State University-Main Campus","2022","All students, Undergraduate, Other degree/certificate-seeking","37080","18778","18302","20","6","14","3144","1626","1518","3016","1303","1713","1999","927","1072","19","12","7","23846","12101","11745","1669","771","898","1119","661","458","2248","1371","877",,,,,"-2"
"204796","Ohio State University-Main Campus","2022","All students, Undergraduate, Non-degree/certificate-seeking","983","465","518","2","2","0","165","86","79","109","29","80","38","18","20","2","2","0","508","251","257","50","25","25","50","28","22","59","24","35",,,,,"-2"
"204796","Ohio State University-Main Campus","2022","All students, Graduate","14417","5998","8419","11","3","8","949","378","571","936","297","639","910","379","531","2","0","2","7923","2992","4931","486","177","309","597","300","297","2603","1472","1131","183",,"183","14234","-2"
"204796","Ohio State University-Main Campus","2022","All students, Undergraduate, Other degree/certificatee-seeking, Transfer-ins","3461","1850","1611","2","1","1","218","122","96","380","182","198","201","89","112","1","1","0","2231","1225","1006","181","83","98","106","59","47","141","88","53",,,,,"-2"
"204796","Ohio State University-Main Campus","2022","All students, Undergraduate, Other degree/certificatee-seeking, Continuing","33619","16928","16691","18","5","13","2926","1504","1422","2636","1121","1515","1798","838","960","18","11","7","21615","10876","10739","1488","688","800","1013","602","411","2107","1283","824",,,,,"-2"
"204796","Ohio State University-Main Campus","2022","Full-time students total","52402","25082","27320","24","6","18","4646","2252","2394","3869","1537","2332","2962","1326","1636","21","13","8","32068","15158","16910","2270","989","1281","1623","903","720","4919","2898","2021",,,,,"-2"
"204796","Ohio State University-Main Campus","2022","Full-time students, Undergraduate total","42360","21042","21318","18","5","13","3889","1963","1926","3213","1325","1888","2284","1051","1233","20","13","7","26696","13212","13484","1898","857","1041","1276","751","525","3066","1865","1201",,,,,"-2"
"204796","Ohio State University-Main Campus","2022","Full-time students, Undergraduate, Degree/certificate-seeking total","42186","20955","21231","18","5","13","3859","1945","1914","3194","1317","1877","2277","1047","1230","20","13","7","26626","13177","13449","1891","854","1037","1268","744","524","3033","1853","1180",,,,,"-2"
"204796","Ohio State University-Main Campus","2022","Full-time students, Undergraduate, Degree/certificate-seeking, First-time","8027","3751","4276","1","0","1","942","452","490","481","163","318","434","194","240","2","2","0","4689","2116","2573","343","144","199","250","140","110","885","540","345",,,,,"-2"
"204796","Ohio State University-Main Campus","2022","Full-time students, Undergraduate, Degree/certificate-seeking, Other degree/certificate-seeking","34159","17204","16955","17","5","12","2917","1493","1424","2713","1154","1559","1843","853","990","18","11","7","21937","11061","10876","1548","710","838","1018","604","414","2148","1313","835",,,,,"-2"
"204796","Ohio State University-Main Campus","2022","Full-time students, Undergraduate, Non-degree/certificate-seeking","174","87","87","0","0","0","30","18","12","19","8","11","7","4","3","0","0","0","70","35","35","7","3","4","8","7","1","33","12","21",,,,,"-2"
"204796","Ohio State University-Main Campus","2022","Full-time students, Graduate","10042","4040","6002","6","1","5","757","289","468","656","212","444","678","275","403","1","0","1","5372","1946","3426","372","132","240","347","152","195","1853","1033","820",,,,,"-2"
"204796","Ohio State University-Main Campus","2022","Full-time students, Undergraduate, Other degree/certificatee-seeking, Transfer-ins","3145","1722","1423","2","1","1","201","112","89","337","165","172","180","82","98","1","1","0","2030","1146","884","166","75","91","93","54","39","135","86","49",,,,,"-2"
"204796","Ohio State University-Main Campus","2022","Full-time students, Undergraduate, Other degree/certificatee-seeking, Continuing","31014","15482","15532","15","4","11","2716","1381","1335","2376","989","1387","1663","771","892","17","10","7","19907","9915","9992","1382","635","747","925","550","375","2013","1227","786",,,,,"-2"
"204796","Ohio State University-Main Campus","2022","Part-time students total","8138","3930","4208","10","5","5","558","293","265","675","255","420","421","192","229","4","3","1","4914","2312","2602","279","129","150","393","226","167","884","515","369",,,,,"-2"
"204796","Ohio State University-Main Campus","2022","Part-time students, Undergraduate total","3763","1972","1791","5","3","2","366","204","162","395","170","225","189","88","101","3","3","0","2363","1266","1097","165","84","81","143","78","65","134","76","58",,,,,"-2"
"204796","Ohio State University-Main Campus","2022","Part-time students, Undergraduate, Degree/certificate-seeking total","2954","1594","1360","3","1","2","231","136","95","305","149","156","158","74","84","1","1","0","1925","1050","875","122","62","60","101","57","44","108","64","44",,,,,"-2"
"204796","Ohio State University-Main Campus","2022","Part-time students, Undergraduate, Degree/certificate-seeking, First-time","33","20","13","0","0","0","4","3","1","2","0","2","2","0","2","0","0","0","16","10","6","1","1","0","0","0","0","8","6","2",,,,,"-2"
"204796","Ohio State University-Main Campus","2022","Part-time students, Undergraduate, Degree/certificate-seeking, Other degree/certificate-seeking","2921","1574","1347","3","1","2","227","133","94","303","149","154","156","74","82","1","1","0","1909","1040","869","121","61","60","101","57","44","100","58","42",,,,,"-2"
"204796","Ohio State University-Main Campus","2022","Part-time students, Undergraduate, Non-degree/certificate-seeking","809","378","431","2","2","0","135","68","67","90","21","69","31","14","17","2","2","0","438","216","222","43","22","21","42","21","21","26","12","14",,,,,"-2"
"204796","Ohio State University-Main Campus","2022","Part-time students, Graduate","4375","1958","2417","5","2","3","192","89","103","280","85","195","232","104","128","1","0","1","2551","1046","1505","114","45","69","250","148","102","750","439","311",,,,,"-2"
"204796","Ohio State University-Main Campus","2022","Part-time students, Undergraduate, Other degree/certificatee-seeking, Transfer-ins","316","128","188","0","0","0","17","10","7","43","17","26","21","7","14","0","0","0","201","79","122","15","8","7","13","5","8","6","2","4",,,,,"-2"
"204796","Ohio State University-Main Campus","2022","Part-time students, Undergraduate, Other degree/certificatee-seeking, Continuing","2605","1446","1159","3","1","2","210","123","87","260","132","128","135","67","68","1","1","0","1708","961","747","106","53","53","88","52","36","94","56","38",,,,,"-2"
"207388","Oklahoma State University-Main Campus","2022","All students total","25372","12219","13153","1095","466","629","544","269","275","1027","491","536","2179","987","1192","25","13","12","16489","7889","8600","2498","1134","1364","22","14","8","1493","956","537","0",,"0","25372","-2"
"207388","Oklahoma State University-Main Campus","2022","All students, Undergraduate total","20786","9968","10818","960","408","552","432","209","223","869","419","450","1906","877","1029","19","11","8","13914","6699","7215","2232","1033","1199","18","12","6","436","300","136","0",,"0","20786","-2"
"207388","Oklahoma State University-Main Campus","2022","All students, Undergraduate, Degree/certificate-seeking total","20362","9799","10563","945","405","540","425","206","219","851","408","443","1883","867","1016","19","11","8","13642","6597","7045","2171","1006","1165","18","12","6","408","287","121",,,,,"-2"
"207388","Oklahoma State University-Main Campus","2022","All students, Undergraduate, Degree/certificate-seeking, First-time","4641","2194","2447","225","100","125","88","39","49","183","82","101","457","207","250","5","2","3","3102","1483","1619","543","256","287","3","2","1","35","23","12",,,,,"-2"
"207388","Oklahoma State University-Main Campus","2022","All students, Undergraduate, Other degree/certificate-seeking","15721","7605","8116","720","305","415","337","167","170","668","326","342","1426","660","766","14","9","5","10540","5114","5426","1628","750","878","15","10","5","373","264","109",,,,,"-2"
"207388","Oklahoma State University-Main Campus","2022","All students, Undergraduate, Non-degree/certificate-seeking","424","169","255","15","3","12","7","3","4","18","11","7","23","10","13","0","0","0","272","102","170","61","27","34","0","0","0","28","13","15",,,,,"-2"
"207388","Oklahoma State University-Main Campus","2022","All students, Graduate","4586","2251","2335","135","58","77","112","60","52","158","72","86","273","110","163","6","2","4","2575","1190","1385","266","101","165","4","2","2","1057","656","401","0",,"0","4586","-2"
"207388","Oklahoma State University-Main Campus","2022","All students, Undergraduate, Other degree/certificatee-seeking, Transfer-ins","1623","778","845","109","43","66","39","21","18","86","34","52","170","77","93","1","0","1","940","458","482","177","79","98","4","3","1","97","63","34",,,,,"-2"
"207388","Oklahoma State University-Main Campus","2022","All students, Undergraduate, Other degree/certificatee-seeking, Continuing","14098","6827","7271","611","262","349","298","146","152","582","292","290","1256","583","673","13","9","4","9600","4656","4944","1451","671","780","11","7","4","276","201","75",,,,,"-2"
"207388","Oklahoma State University-Main Campus","2022","Full-time students total","20219","9570","10649","880","374","506","406","195","211","743","349","394","1763","789","974","19","11","8","13435","6330","7105","2075","936","1139","13","8","5","885","578","307",,,,,"-2"
"207388","Oklahoma State University-Main Campus","2022","Full-time students, Undergraduate total","18265","8765","9500","812","347","465","372","181","191","694","332","362","1638","754","884","18","10","8","12356","5957","6399","1962","907","1055","13","8","5","400","269","131",,,,,"-2"
"207388","Oklahoma State University-Main Campus","2022","Full-time students, Undergraduate, Degree/certificate-seeking total","18220","8740","9480","811","347","464","372","181","191","690","328","362","1636","753","883","18","10","8","12349","5953","6396","1959","904","1055","13","8","5","372","256","116",,,,,"-2"
"207388","Oklahoma State University-Main Campus","2022","Full-time students, Undergraduate, Degree/certificate-seeking, First-time","4342","2067","2275","206","93","113","83","38","45","155","67","88","419","193","226","5","2","3","2931","1413","1518","509","239","270","3","2","1","31","20","11",,,,,"-2"
"207388","Oklahoma State University-Main Campus","2022","Full-time students, Undergraduate, Degree/certificate-seeking, Other degree/certificate-seeking","13878","6673","7205","605","254","351","289","143","146","535","261","274","1217","560","657","13","8","5","9418","4540","4878","1450","665","785","10","6","4","341","236","105",,,,,"-2"
"207388","Oklahoma State University-Main Campus","2022","Full-time students, Undergraduate, Non-degree/certificate-seeking","45","25","20","1","0","1","0","0","0","4","4","0","2","1","1","0","0","0","7","4","3","3","3","0","0","0","0","28","13","15",,,,,"-2"
"207388","Oklahoma State University-Main Campus","2022","Full-time students, Graduate","1954","805","1149","68","27","41","34","14","20","49","17","32","125","35","90","1","1","0","1079","373","706","113","29","84","0","0","0","485","309","176",,,,,"-2"
"207388","Oklahoma State University-Main Campus","2022","Full-time students, Undergraduate, Other degree/certificatee-seeking, Transfer-ins","1352","661","691","92","38","54","32","18","14","58","22","36","124","57","67","1","0","1","794","389","405","153","73","80","1","1","0","97","63","34",,,,,"-2"
"207388","Oklahoma State University-Main Campus","2022","Full-time students, Undergraduate, Other degree/certificatee-seeking, Continuing","12526","6012","6514","513","216","297","257","125","132","477","239","238","1093","503","590","12","8","4","8624","4151","4473","1297","592","705","9","5","4","244","173","71",,,,,"-2"
"207388","Oklahoma State University-Main Campus","2022","Part-time students total","5153","2649","2504","215","92","123","138","74","64","284","142","142","416","198","218","6","2","4","3054","1559","1495","423","198","225","9","6","3","608","378","230",,,,,"-2"
"207388","Oklahoma State University-Main Campus","2022","Part-time students, Undergraduate total","2521","1203","1318","148","61","87","60","28","32","175","87","88","268","123","145","1","1","0","1558","742","816","270","126","144","5","4","1","36","31","5",,,,,"-2"
"207388","Oklahoma State University-Main Campus","2022","Part-time students, Undergraduate, Degree/certificate-seeking total","2142","1059","1083","134","58","76","53","25","28","161","80","81","247","114","133","1","1","0","1293","644","649","212","102","110","5","4","1","36","31","5",,,,,"-2"
"207388","Oklahoma State University-Main Campus","2022","Part-time students, Undergraduate, Degree/certificate-seeking, First-time","299","127","172","19","7","12","5","1","4","28","15","13","38","14","24","0","0","0","171","70","101","34","17","17","0","0","0","4","3","1",,,,,"-2"
"207388","Oklahoma State University-Main Campus","2022","Part-time students, Undergraduate, Degree/certificate-seeking, Other degree/certificate-seeking","1843","932","911","115","51","64","48","24","24","133","65","68","209","100","109","1","1","0","1122","574","548","178","85","93","5","4","1","32","28","4",,,,,"-2"
"207388","Oklahoma State University-Main Campus","2022","Part-time students, Undergraduate, Non-degree/certificate-seeking","379","144","235","14","3","11","7","3","4","14","7","7","21","9","12","0","0","0","265","98","167","58","24","34","0","0","0","0","0","0",,,,,"-2"
"207388","Oklahoma State University-Main Campus","2022","Part-time students, Graduate","2632","1446","1186","67","31","36","78","46","32","109","55","54","148","75","73","5","1","4","1496","817","679","153","72","81","4","2","2","572","347","225",,,,,"-2"
"207388","Oklahoma State University-Main Campus","2022","Part-time students, Undergraduate, Other degree/certificatee-seeking, Transfer-ins","271","117","154","17","5","12","7","3","4","28","12","16","46","20","26","0","0","0","146","69","77","24","6","18","3","2","1","0","0","0",,,,,"-2"
"207388","Oklahoma State University-Main Campus","2022","Part-time students, Undergraduate, Other degree/certificatee-seeking, Continuing","1572","815","757","98","46","52","41","21","20","105","53","52","163","80","83","1","1","0","976","505","471","154","79","75","2","2","0","32","28","4",,,,,"-2"
"209542","Oregon State University","2022","All students total","34292","17323","16969","186","79","107","2810","1526","1284","616","325","291","4049","1937","2112","96","48","48","21065","10297","10768","2273","1069","1204","859","476","383","2338","1566","772","198",,"198","34094","-2"
"209542","Oregon State University","2022","All students, Undergraduate total","28905","14816","14089","162","73","89","2454","1407","1047","512","269","243","3534","1752","1782","85","46","39","18229","9085","9144","2041","974","1067","695","391","304","1193","819","374","147",,"147","28758","-2"
"209542","Oregon State University","2022","All students, Undergraduate, Degree/certificate-seeking total","28407","14604","13803","159","73","86","2424","1396","1028","497","261","236","3507","1739","1768","85","46","39","18015","9005","9010","2017","963","1054","683","388","295","1020","733","287",,,,,"-2"
"209542","Oregon State University","2022","All students, Undergraduate, Degree/certificate-seeking, First-time","4513","2235","2278","26","12","14","439","234","205","76","43","33","548","262","286","13","7","6","2909","1413","1496","386","185","201","39","24","15","77","55","22",,,,,"-2"
"209542","Oregon State University","2022","All students, Undergraduate, Other degree/certificate-seeking","23894","12369","11525","133","61","72","1985","1162","823","421","218","203","2959","1477","1482","72","39","33","15106","7592","7514","1631","778","853","644","364","280","943","678","265",,,,,"-2"
"209542","Oregon State University","2022","All students, Undergraduate, Non-degree/certificate-seeking","498","212","286","3","0","3","30","11","19","15","8","7","27","13","14","0","0","0","214","80","134","24","11","13","12","3","9","173","86","87",,,,,"-2"
"209542","Oregon State University","2022","All students, Graduate","5387","2507","2880","24","6","18","356","119","237","104","56","48","515","185","330","11","2","9","2836","1212","1624","232","95","137","164","85","79","1145","747","398","51",,"51","5336","-2"
"209542","Oregon State University","2022","All students, Undergraduate, Other degree/certificatee-seeking, Transfer-ins","2578","1198","1380","21","7","14","117","72","45","67","35","32","394","191","203","6","4","2","1694","744","950","172","75","97","40","17","23","67","53","14",,,,,"-2"
"209542","Oregon State University","2022","All students, Undergraduate, Other degree/certificatee-seeking, Continuing","21316","11171","10145","112","54","58","1868","1090","778","354","183","171","2565","1286","1279","66","35","31","13412","6848","6564","1459","703","756","604","347","257","876","625","251",,,,,"-2"
"209542","Oregon State University","2022","Full-time students total","23189","11820","11369","124","53","71","1798","964","834","365","204","161","2756","1333","1423","59","30","29","14085","6886","7199","1621","785","836","315","174","141","2066","1391","675",,,,,"-2"
"209542","Oregon State University","2022","Full-time students, Undergraduate total","19845","10186","9659","107","49","58","1558","884","674","311","173","138","2481","1234","1247","53","29","24","12557","6222","6335","1476","727","749","248","139","109","1054","729","325",,,,,"-2"
"209542","Oregon State University","2022","Full-time students, Undergraduate, Degree/certificate-seeking total","19707","10119","9588","107","49","58","1558","884","674","310","172","138","2480","1233","1247","53","29","24","12551","6218","6333","1476","727","749","246","138","108","926","669","257",,,,,"-2"
"209542","Oregon State University","2022","Full-time students, Undergraduate, Degree/certificate-seeking, First-time","4065","2029","2036","21","10","11","412","223","189","66","40","26","490","237","253","12","7","5","2616","1277","1339","343","163","180","30","19","11","75","53","22",,,,,"-2"
"209542","Oregon State University","2022","Full-time students, Undergraduate, Degree/certificate-seeking, Other degree/certificate-seeking","15642","8090","7552","86","39","47","1146","661","485","244","132","112","1990","996","994","41","22","19","9935","4941","4994","1133","564","569","216","119","97","851","616","235",,,,,"-2"
"209542","Oregon State University","2022","Full-time students, Undergraduate, Non-degree/certificate-seeking","138","67","71","0","0","0","0","0","0","1","1","0","1","1","0","0","0","0","6","4","2","0","0","0","2","1","1","128","60","68",,,,,"-2"
"209542","Oregon State University","2022","Full-time students, Graduate","3344","1634","1710","17","4","13","240","80","160","54","31","23","275","99","176","6","1","5","1528","664","864","145","58","87","67","35","32","1012","662","350",,,,,"-2"
"209542","Oregon State University","2022","Full-time students, Undergraduate, Other degree/certificatee-seeking, Transfer-ins","1692","796","896","15","6","9","78","50","28","37","21","16","261","127","134","3","1","2","1083","469","614","127","59","68","21","10","11","67","53","14",,,,,"-2"
"209542","Oregon State University","2022","Full-time students, Undergraduate, Other degree/certificatee-seeking, Continuing","13950","7294","6656","71","33","38","1068","611","457","207","111","96","1729","869","860","38","21","17","8852","4472","4380","1006","505","501","195","109","86","784","563","221",,,,,"-2"
"209542","Oregon State University","2022","Part-time students total","11103","5503","5600","62","26","36","1012","562","450","251","121","130","1293","604","689","37","18","19","6980","3411","3569","652","284","368","544","302","242","272","175","97",,,,,"-2"
"209542","Oregon State University","2022","Part-time students, Undergraduate total","9060","4630","4430","55","24","31","896","523","373","201","96","105","1053","518","535","32","17","15","5672","2863","2809","565","247","318","447","252","195","139","90","49",,,,,"-2"
"209542","Oregon State University","2022","Part-time students, Undergraduate, Degree/certificate-seeking total","8700","4485","4215","52","24","28","866","512","354","187","89","98","1027","506","521","32","17","15","5464","2787","2677","541","236","305","437","250","187","94","64","30",,,,,"-2"
"209542","Oregon State University","2022","Part-time students, Undergraduate, Degree/certificate-seeking, First-time","448","206","242","5","2","3","27","11","16","10","3","7","58","25","33","1","0","1","293","136","157","43","22","21","9","5","4","2","2","0",,,,,"-2"
"209542","Oregon State University","2022","Part-time students, Undergraduate, Degree/certificate-seeking, Other degree/certificate-seeking","8252","4279","3973","47","22","25","839","501","338","177","86","91","969","481","488","31","17","14","5171","2651","2520","498","214","284","428","245","183","92","62","30",,,,,"-2"
"209542","Oregon State University","2022","Part-time students, Undergraduate, Non-degree/certificate-seeking","360","145","215","3","0","3","30","11","19","14","7","7","26","12","14","0","0","0","208","76","132","24","11","13","10","2","8","45","26","19",,,,,"-2"
"209542","Oregon State University","2022","Part-time students, Graduate","2043","873","1170","7","2","5","116","39","77","50","25","25","240","86","154","5","1","4","1308","548","760","87","37","50","97","50","47","133","85","48",,,,,"-2"
"209542","Oregon State University","2022","Part-time students, Undergraduate, Other degree/certificatee-seeking, Transfer-ins","886","402","484","6","1","5","39","22","17","30","14","16","133","64","69","3","3","0","611","275","336","45","16","29","19","7","12","0","0","0",,,,,"-2"
"209542","Oregon State University","2022","Part-time students, Undergraduate, Other degree/certificatee-seeking, Continuing","7366","3877","3489","41","21","20","800","479","321","147","72","75","836","417","419","28","14","14","4560","2376","2184","453","198","255","409","238","171","92","62","30",,,,,"-2"
"209551","University of Oregon","2022","All students total","23163","10292","12871","113","37","76","1534","637","897","609","307","302","3371","1391","1980","100","51","49","14172","6336","7836","1886","818","1068","379","210","169","999","505","494","94",,"94","23069","-2"
"209551","University of Oregon","2022","All students, Undergraduate total","19565","8730","10835","82","25","57","1296","547","749","498","252","246","2996","1243","1753","86","43","43","12072","5419","6653","1773","772","1001","303","169","134","459","260","199","71",,"71","19494","-2"
"209551","University of Oregon","2022","All students, Undergraduate, Degree/certificate-seeking total","19443","8645","10798","77","22","55","1286","541","745","493","247","246","2987","1237","1750","83","42","41","12010","5374","6636","1771","771","1000","277","151","126","459","260","199",,,,,"-2"
"209551","University of Oregon","2022","All students, Undergraduate, Degree/certificate-seeking, First-time","5313","2303","3010","28","7","21","352","136","216","157","76","81","874","354","520","21","10","11","3286","1427","1859","487","232","255","62","29","33","46","32","14",,,,,"-2"
"209551","University of Oregon","2022","All students, Undergraduate, Other degree/certificate-seeking","14130","6342","7788","49","15","34","934","405","529","336","171","165","2113","883","1230","62","32","30","8724","3947","4777","1284","539","745","215","122","93","413","228","185",,,,,"-2"
"209551","University of Oregon","2022","All students, Undergraduate, Non-degree/certificate-seeking","122","85","37","5","3","2","10","6","4","5","5","0","9","6","3","3","1","2","62","45","17","2","1","1","26","18","8","0","0","0",,,,,"-2"
"209551","University of Oregon","2022","All students, Graduate","3598","1562","2036","31","12","19","238","90","148","111","55","56","375","148","227","14","8","6","2100","917","1183","113","46","67","76","41","35","540","245","295","23",,"23","3575","-2"
"209551","University of Oregon","2022","All students, Undergraduate, Other degree/certificatee-seeking, Transfer-ins","940","456","484","4","2","2","47","27","20","29","13","16","161","67","94","6","4","2","586","285","301","77","37","40","9","6","3","21","15","6",,,,,"-2"
"209551","University of Oregon","2022","All students, Undergraduate, Other degree/certificatee-seeking, Continuing","13190","5886","7304","45","13","32","887","378","509","307","158","149","1952","816","1136","56","28","28","8138","3662","4476","1207","502","705","206","116","90","392","213","179",,,,,"-2"
"209551","University of Oregon","2022","Full-time students total","21429","9477","11952","104","31","73","1428","582","846","566","283","283","3129","1282","1847","87","46","41","13110","5848","7262","1744","758","986","317","173","144","944","474","470",,,,,"-2"
"209551","University of Oregon","2022","Full-time students, Undergraduate total","18185","8035","10150","74","20","54","1209","496","713","471","235","236","2795","1148","1647","74","39","35","11239","5002","6237","1637","715","922","255","138","117","431","242","189",,,,,"-2"
"209551","University of Oregon","2022","Full-time students, Undergraduate, Degree/certificate-seeking total","18185","8035","10150","74","20","54","1209","496","713","471","235","236","2795","1148","1647","74","39","35","11239","5002","6237","1637","715","922","255","138","117","431","242","189",,,,,"-2"
"209551","University of Oregon","2022","Full-time students, Undergraduate, Degree/certificate-seeking, First-time","5230","2263","2967","27","6","21","347","132","215","154","76","78","863","348","515","21","10","11","3233","1404","1829","480","228","252","61","29","32","44","30","14",,,,,"-2"
"209551","University of Oregon","2022","Full-time students, Undergraduate, Degree/certificate-seeking, Other degree/certificate-seeking","12955","5772","7183","47","14","33","862","364","498","317","159","158","1932","800","1132","53","29","24","8006","3598","4408","1157","487","670","194","109","85","387","212","175",,,,,"-2"
"209551","University of Oregon","2022","Full-time students, Graduate","3244","1442","1802","30","11","19","219","86","133","95","48","47","334","134","200","13","7","6","1871","846","1025","107","43","64","62","35","27","513","232","281",,,,,"-2"
"209551","University of Oregon","2022","Full-time students, Undergraduate, Other degree/certificatee-seeking, Transfer-ins","837","405","432","4","2","2","43","23","20","27","11","16","148","61","87","5","3","2","514","253","261","68","33","35","8","5","3","20","14","6",,,,,"-2"
"209551","University of Oregon","2022","Full-time students, Undergraduate, Other degree/certificatee-seeking, Continuing","12118","5367","6751","43","12","31","819","341","478","290","148","142","1784","739","1045","48","26","22","7492","3345","4147","1089","454","635","186","104","82","367","198","169",,,,,"-2"
"209551","University of Oregon","2022","Part-time students total","1734","815","919","9","6","3","106","55","51","43","24","19","242","109","133","13","5","8","1062","488","574","142","60","82","62","37","25","55","31","24",,,,,"-2"
"209551","University of Oregon","2022","Part-time students, Undergraduate total","1380","695","685","8","5","3","87","51","36","27","17","10","201","95","106","12","4","8","833","417","416","136","57","79","48","31","17","28","18","10",,,,,"-2"
"209551","University of Oregon","2022","Part-time students, Undergraduate, Degree/certificate-seeking total","1258","610","648","3","2","1","77","45","32","22","12","10","192","89","103","9","3","6","771","372","399","134","56","78","22","13","9","28","18","10",,,,,"-2"
"209551","University of Oregon","2022","Part-time students, Undergraduate, Degree/certificate-seeking, First-time","83","40","43","1","1","0","5","4","1","3","0","3","11","6","5","0","0","0","53","23","30","7","4","3","1","0","1","2","2","0",,,,,"-2"
"209551","University of Oregon","2022","Part-time students, Undergraduate, Degree/certificate-seeking, Other degree/certificate-seeking","1175","570","605","2","1","1","72","41","31","19","12","7","181","83","98","9","3","6","718","349","369","127","52","75","21","13","8","26","16","10",,,,,"-2"
"209551","University of Oregon","2022","Part-time students, Undergraduate, Non-degree/certificate-seeking","122","85","37","5","3","2","10","6","4","5","5","0","9","6","3","3","1","2","62","45","17","2","1","1","26","18","8","0","0","0",,,,,"-2"
"209551","University of Oregon","2022","Part-time students, Graduate","354","120","234","1","1","0","19","4","15","16","7","9","41","14","27","1","1","0","229","71","158","6","3","3","14","6","8","27","13","14",,,,,"-2"
"209551","University of Oregon","2022","Part-time students, Undergraduate, Other degree/certificatee-seeking, Transfer-ins","103","51","52","0","0","0","4","4","0","2","2","0","13","6","7","1","1","0","72","32","40","9","4","5","1","1","0","1","1","0",,,,,"-2"
"209551","University of Oregon","2022","Part-time students, Undergraduate, Other degree/certificatee-seeking, Continuing","1072","519","553","2","1","1","68","37","31","17","10","7","168","77","91","8","2","6","646","317","329","118","48","70","20","12","8","25","15","10",,,,,"-2"
"211440","Carnegie Mellon University","2022","All students total","16002","8973","7029","6","2","4","3188","1477","1711","459","258","201","962","609","353","8","4","4","3021","1774","1247","478","240","238","836","475","361","7044","4134","2910","0",,"0","16002","-2"
"211440","Carnegie Mellon University","2022","All students, Undergraduate total","7059","3512","3547","2","0","2","2368","998","1370","286","164","122","737","467","270","4","2","2","1545","823","722","361","175","186","402","195","207","1354","688","666","0",,"0","7059","-2"
"211440","Carnegie Mellon University","2022","All students, Undergraduate, Degree/certificate-seeking total","7005","3472","3533","2","0","2","2362","996","1366","285","163","122","734","465","269","4","2","2","1524","806","718","359","173","186","389","183","206","1346","684","662",,,,,"-2"
"211440","Carnegie Mellon University","2022","All students, Undergraduate, Degree/certificate-seeking, First-time","1716","839","877","2","0","2","569","238","331","78","48","30","211","125","86","2","1","1","356","182","174","89","48","41","85","43","42","324","154","170",,,,,"-2"
"211440","Carnegie Mellon University","2022","All students, Undergraduate, Other degree/certificate-seeking","5289","2633","2656","0","0","0","1793","758","1035","207","115","92","523","340","183","2","1","1","1168","624","544","270","125","145","304","140","164","1022","530","492",,,,,"-2"
"211440","Carnegie Mellon University","2022","All students, Undergraduate, Non-degree/certificate-seeking","54","40","14","0","0","0","6","2","4","1","1","0","3","2","1","0","0","0","21","17","4","2","2","0","13","12","1","8","4","4",,,,,"-2"
"211440","Carnegie Mellon University","2022","All students, Graduate","8943","5461","3482","4","2","2","820","479","341","173","94","79","225","142","83","4","2","2","1476","951","525","117","65","52","434","280","154","5690","3446","2244","0",,"0","8943","-2"
"211440","Carnegie Mellon University","2022","All students, Undergraduate, Other degree/certificatee-seeking, Transfer-ins","62","41","21","0","0","0","10","7","3","2","1","1","5","4","1","0","0","0","11","6","5","0","0","0","5","3","2","29","20","9",,,,,"-2"
"211440","Carnegie Mellon University","2022","All students, Undergraduate, Other degree/certificatee-seeking, Continuing","5227","2592","2635","0","0","0","1783","751","1032","205","114","91","518","336","182","2","1","1","1157","618","539","270","125","145","299","137","162","993","510","483",,,,,"-2"
"211440","Carnegie Mellon University","2022","Full-time students total","15006","8385","6621","5","1","4","2985","1383","1602","430","241","189","929","588","341","7","3","4","2675","1549","1126","455","225","230","721","395","326","6799","4000","2799",,,,,"-2"
"211440","Carnegie Mellon University","2022","Full-time students, Undergraduate total","6858","3399","3459","2","0","2","2300","975","1325","281","159","122","729","461","268","4","2","2","1479","783","696","353","169","184","378","175","203","1332","675","657",,,,,"-2"
"211440","Carnegie Mellon University","2022","Full-time students, Undergraduate, Degree/certificate-seeking total","6858","3399","3459","2","0","2","2300","975","1325","281","159","122","729","461","268","4","2","2","1479","783","696","353","169","184","378","175","203","1332","675","657",,,,,"-2"
"211440","Carnegie Mellon University","2022","Full-time students, Undergraduate, Degree/certificate-seeking, First-time","1716","839","877","2","0","2","569","238","331","78","48","30","211","125","86","2","1","1","356","182","174","89","48","41","85","43","42","324","154","170",,,,,"-2"
"211440","Carnegie Mellon University","2022","Full-time students, Undergraduate, Degree/certificate-seeking, Other degree/certificate-seeking","5142","2560","2582","0","0","0","1731","737","994","203","111","92","518","336","182","2","1","1","1123","601","522","264","121","143","293","132","161","1008","521","487",,,,,"-2"
"211440","Carnegie Mellon University","2022","Full-time students, Graduate","8148","4986","3162","3","1","2","685","408","277","149","82","67","200","127","73","3","1","2","1196","766","430","102","56","46","343","220","123","5467","3325","2142",,,,,"-2"
"211440","Carnegie Mellon University","2022","Full-time students, Undergraduate, Other degree/certificatee-seeking, Transfer-ins","61","40","21","0","0","0","10","7","3","2","1","1","5","4","1","0","0","0","10","5","5","0","0","0","5","3","2","29","20","9",,,,,"-2"
"211440","Carnegie Mellon University","2022","Full-time students, Undergraduate, Other degree/certificatee-seeking, Continuing","5081","2520","2561","0","0","0","1721","730","991","201","110","91","513","332","181","2","1","1","1113","596","517","264","121","143","288","129","159","979","501","478",,,,,"-2"
"211440","Carnegie Mellon University","2022","Part-time students total","996","588","408","1","1","0","203","94","109","29","17","12","33","21","12","1","1","0","346","225","121","23","15","8","115","80","35","245","134","111",,,,,"-2"
"211440","Carnegie Mellon University","2022","Part-time students, Undergraduate total","201","113","88","0","0","0","68","23","45","5","5","0","8","6","2","0","0","0","66","40","26","8","6","2","24","20","4","22","13","9",,,,,"-2"
"211440","Carnegie Mellon University","2022","Part-time students, Undergraduate, Degree/certificate-seeking total","147","73","74","0","0","0","62","21","41","4","4","0","5","4","1","0","0","0","45","23","22","6","4","2","11","8","3","14","9","5",,,,,"-2"
"211440","Carnegie Mellon University","2022","Part-time students, Undergraduate, Degree/certificate-seeking, Other degree/certificate-seeking","147","73","74","0","0","0","62","21","41","4","4","0","5","4","1","0","0","0","45","23","22","6","4","2","11","8","3","14","9","5",,,,,"-2"
"211440","Carnegie Mellon University","2022","Part-time students, Undergraduate, Non-degree/certificate-seeking","54","40","14","0","0","0","6","2","4","1","1","0","3","2","1","0","0","0","21","17","4","2","2","0","13","12","1","8","4","4",,,,,"-2"
"211440","Carnegie Mellon University","2022","Part-time students, Graduate","795","475","320","1","1","0","135","71","64","24","12","12","25","15","10","1","1","0","280","185","95","15","9","6","91","60","31","223","121","102",,,,,"-2"
"211440","Carnegie Mellon University","2022","Part-time students, Undergraduate, Other degree/certificatee-seeking, Transfer-ins","1","1","0","0","0","0","0","0","0","0","0","0","0","0","0","0","0","0","1","1","0","0","0","0","0","0","0","0","0","0",,,,,"-2"
"211440","Carnegie Mellon University","2022","Part-time students, Undergraduate, Other degree/certificatee-seeking, Continuing","146","72","74","0","0","0","62","21","41","4","4","0","5","4","1","0","0","0","44","22","22","6","4","2","11","8","3","14","9","5",,,,,"-2"
"213598","Lincoln University","2022","All students total","1824","617","1207","5","5","0","1","1","0","1513","500","1013","121","45","76","2","0","2","17","7","10","65","20","45","53","18","35","47","21","26","0",,"0","1824","-2"
"213598","Lincoln University","2022","All students, Undergraduate total","1712","594","1118","5","5","0","1","1","0","1411","479","932","116","45","71","2","0","2","17","7","10","62","19","43","52","18","34","46","20","26","0",,"0","1712","-2"
"213598","Lincoln University","2022","All students, Undergraduate, Degree/certificate-seeking total","1704","593","1111","5","5","0","1","1","0","1411","479","932","116","45","71","1","0","1","15","7","8","62","19","43","47","17","30","46","20","26",,,,,"-2"
"213598","Lincoln University","2022","All students, Undergraduate, Degree/certificate-seeking, First-time","401","130","271","3","3","0","0","0","0","318","102","216","31","13","18","1","0","1","3","0","3","21","5","16","15","4","11","9","3","6",,,,,"-2"
"213598","Lincoln University","2022","All students, Undergraduate, Other degree/certificate-seeking","1303","463","840","2","2","0","1","1","0","1093","377","716","85","32","53","0","0","0","12","7","5","41","14","27","32","13","19","37","17","20",,,,,"-2"
"213598","Lincoln University","2022","All students, Undergraduate, Non-degree/certificate-seeking","8","1","7","0","0","0","0","0","0","0","0","0","0","0","0","1","0","1","2","0","2","0","0","0","5","1","4","0","0","0",,,,,"-2"
"213598","Lincoln University","2022","All students, Graduate","112","23","89","0","0","0","0","0","0","102","21","81","5","0","5","0","0","0","0","0","0","3","1","2","1","0","1","1","1","0","0",,"0","112","-2"
"213598","Lincoln University","2022","All students, Undergraduate, Other degree/certificatee-seeking, Transfer-ins","52","19","33","1","1","0","0","0","0","46","15","31","2","1","1","0","0","0","1","1","0","1","0","1","1","1","0","0","0","0",,,,,"-2"
"213598","Lincoln University","2022","All students, Undergraduate, Other degree/certificatee-seeking, Continuing","1251","444","807","1","1","0","1","1","0","1047","362","685","83","31","52","0","0","0","11","6","5","40","14","26","31","12","19","37","17","20",,,,,"-2"
"213598","Lincoln University","2022","Full-time students total","1685","574","1111","5","5","0","1","1","0","1409","468","941","116","43","73","1","0","1","15","7","8","61","18","43","30","11","19","47","21","26",,,,,"-2"
"213598","Lincoln University","2022","Full-time students, Undergraduate total","1593","554","1039","5","5","0","1","1","0","1325","450","875","113","43","70","1","0","1","15","7","8","58","17","41","29","11","18","46","20","26",,,,,"-2"
"213598","Lincoln University","2022","Full-time students, Undergraduate, Degree/certificate-seeking total","1593","554","1039","5","5","0","1","1","0","1325","450","875","113","43","70","1","0","1","15","7","8","58","17","41","29","11","18","46","20","26",,,,,"-2"
"213598","Lincoln University","2022","Full-time students, Undergraduate, Degree/certificate-seeking, First-time","397","128","269","3","3","0","0","0","0","315","101","214","31","13","18","1","0","1","3","0","3","20","4","16","15","4","11","9","3","6",,,,,"-2"
"213598","Lincoln University","2022","Full-time students, Undergraduate, Degree/certificate-seeking, Other degree/certificate-seeking","1196","426","770","2","2","0","1","1","0","1010","349","661","82","30","52","0","0","0","12","7","5","38","13","25","14","7","7","37","17","20",,,,,"-2"
"213598","Lincoln University","2022","Full-time students, Graduate","92","20","72","0","0","0","0","0","0","84","18","66","3","0","3","0","0","0","0","0","0","3","1","2","1","0","1","1","1","0",,,,,"-2"
"213598","Lincoln University","2022","Full-time students, Undergraduate, Other degree/certificatee-seeking, Transfer-ins","43","18","25","1","1","0","0","0","0","37","14","23","2","1","1","0","0","0","1","1","0","1","0","1","1","1","0","0","0","0",,,,,"-2"
"213598","Lincoln University","2022","Full-time students, Undergraduate, Other degree/certificatee-seeking, Continuing","1153","408","745","1","1","0","1","1","0","973","335","638","80","29","51","0","0","0","11","6","5","37","13","24","13","6","7","37","17","20",,,,,"-2"
"213598","Lincoln University","2022","Part-time students total","139","43","96","0","0","0","0","0","0","104","32","72","5","2","3","1","0","1","2","0","2","4","2","2","23","7","16","0","0","0",,,,,"-2"
"213598","Lincoln University","2022","Part-time students, Undergraduate total","119","40","79","0","0","0","0","0","0","86","29","57","3","2","1","1","0","1","2","0","2","4","2","2","23","7","16","0","0","0",,,,,"-2"
"213598","Lincoln University","2022","Part-time students, Undergraduate, Degree/certificate-seeking total","111","39","72","0","0","0","0","0","0","86","29","57","3","2","1","0","0","0","0","0","0","4","2","2","18","6","12","0","0","0",,,,,"-2"
"213598","Lincoln University","2022","Part-time students, Undergraduate, Degree/certificate-seeking, First-time","4","2","2","0","0","0","0","0","0","3","1","2","0","0","0","0","0","0","0","0","0","1","1","0","0","0","0","0","0","0",,,,,"-2"
"213598","Lincoln University","2022","Part-time students, Undergraduate, Degree/certificate-seeking, Other degree/certificate-seeking","107","37","70","0","0","0","0","0","0","83","28","55","3","2","1","0","0","0","0","0","0","3","1","2","18","6","12","0","0","0",,,,,"-2"
"213598","Lincoln University","2022","Part-time students, Undergraduate, Non-degree/certificate-seeking","8","1","7","0","0","0","0","0","0","0","0","0","0","0","0","1","0","1","2","0","2","0","0","0","5","1","4","0","0","0",,,,,"-2"
"213598","Lincoln University","2022","Part-time students, Graduate","20","3","17","0","0","0","0","0","0","18","3","15","2","0","2","0","0","0","0","0","0","0","0","0","0","0","0","0","0","0",,,,,"-2"
"213598","Lincoln University","2022","Part-time students, Undergraduate, Other degree/certificatee-seeking, Transfer-ins","9","1","8","0","0","0","0","0","0","9","1","8","0","0","0","0","0","0","0","0","0","0","0","0","0","0","0","0","0","0",,,,,"-2"
"213598","Lincoln University","2022","Part-time students, Undergraduate, Other degree/certificatee-seeking, Continuing","98","36","62","0","0","0","0","0","0","74","27","47","3","2","1","0","0","0","0","0","0","3","1","2","18","6","12","0","0","0",,,,,"-2"
"215062","University of Pennsylvania","2022","All students total","28201","12366","15835","25","11","14","5764","2524","3240","1836","632","1204","2054","865","1189","11","5","6","9160","4007","5153","894","360","534","1526","697","829","6931","3265","3666","0","134","134","28067","-2"
"215062","University of Pennsylvania","2022","All students, Undergraduate total","11250","5044","6206","11","5","6","2897","1282","1615","904","299","605","1125","486","639","1","0","1","3636","1705","1931","565","242","323","579","269","310","1532","756","776","0","38","38","11212","-2"
"215062","University of Pennsylvania","2022","All students, Undergraduate, Degree/certificate-seeking total","10572","4757","5815","11","5","6","2823","1259","1564","860","294","566","1095","474","621","1","0","1","3426","1611","1815","545","235","310","478","215","263","1333","664","669",,,,,"-2"
"215062","University of Pennsylvania","2022","All students, Undergraduate, Degree/certificate-seeking, First-time","2415","1071","1344","3","1","2","709","297","412","219","66","153","259","93","166","0","0","0","629","322","307","165","78","87","113","52","61","318","162","156",,,,,"-2"
"215062","University of Pennsylvania","2022","All students, Undergraduate, Other degree/certificate-seeking","8157","3686","4471","8","4","4","2114","962","1152","641","228","413","836","381","455","1","0","1","2797","1289","1508","380","157","223","365","163","202","1015","502","513",,,,,"-2"
"215062","University of Pennsylvania","2022","All students, Undergraduate, Non-degree/certificate-seeking","678","287","391","0","0","0","74","23","51","44","5","39","30","12","18","0","0","0","210","94","116","20","7","13","101","54","47","199","92","107",,,,,"-2"
"215062","University of Pennsylvania","2022","All students, Graduate","16951","7322","9629","14","6","8","2867","1242","1625","932","333","599","929","379","550","10","5","5","5524","2302","3222","329","118","211","947","428","519","5399","2509","2890","0","96","96","16855","-2"
"215062","University of Pennsylvania","2022","All students, Undergraduate, Other degree/certificatee-seeking, Transfer-ins","113","53","60","0","0","0","28","15","13","4","1","3","10","5","5","0","0","0","45","21","24","3","2","1","6","1","5","17","8","9",,,,,"-2"
"215062","University of Pennsylvania","2022","All students, Undergraduate, Other degree/certificatee-seeking, Continuing","8044","3633","4411","8","4","4","2086","947","1139","637","227","410","826","376","450","1","0","1","2752","1268","1484","377","155","222","359","162","197","998","494","504",,,,,"-2"
"215062","University of Pennsylvania","2022","Full-time students total","23559","10434","13125","22","8","14","4588","1980","2608","1527","551","976","1837","781","1056","11","5","6","7301","3256","4045","792","326","466","1197","526","671","6284","3001","3283",,,,,"-2"
"215062","University of Pennsylvania","2022","Full-time students, Undergraduate total","10412","4718","5694","11","5","6","2774","1245","1529","819","283","536","1073","465","608","1","0","1","3227","1538","1689","535","231","304","467","214","253","1505","737","768",,,,,"-2"
"215062","University of Pennsylvania","2022","Full-time students, Undergraduate, Degree/certificate-seeking total","10153","4611","5542","11","5","6","2758","1238","1520","811","282","529","1070","464","606","1","0","1","3195","1529","1666","529","229","300","461","211","250","1317","653","664",,,,,"-2"
"215062","University of Pennsylvania","2022","Full-time students, Undergraduate, Degree/certificate-seeking, First-time","2415","1071","1344","3","1","2","709","297","412","219","66","153","259","93","166","0","0","0","629","322","307","165","78","87","113","52","61","318","162","156",,,,,"-2"
"215062","University of Pennsylvania","2022","Full-time students, Undergraduate, Degree/certificate-seeking, Other degree/certificate-seeking","7738","3540","4198","8","4","4","2049","941","1108","592","216","376","811","371","440","1","0","1","2566","1207","1359","364","151","213","348","159","189","999","491","508",,,,,"-2"
"215062","University of Pennsylvania","2022","Full-time students, Undergraduate, Non-degree/certificate-seeking","259","107","152","0","0","0","16","7","9","8","1","7","3","1","2","0","0","0","32","9","23","6","2","4","6","3","3","188","84","104",,,,,"-2"
"215062","University of Pennsylvania","2022","Full-time students, Graduate","13147","5716","7431","11","3","8","1814","735","1079","708","268","440","764","316","448","10","5","5","4074","1718","2356","257","95","162","730","312","418","4779","2264","2515",,,,,"-2"
"215062","University of Pennsylvania","2022","Full-time students, Undergraduate, Other degree/certificatee-seeking, Transfer-ins","113","53","60","0","0","0","28","15","13","4","1","3","10","5","5","0","0","0","45","21","24","3","2","1","6","1","5","17","8","9",,,,,"-2"
"215062","University of Pennsylvania","2022","Full-time students, Undergraduate, Other degree/certificatee-seeking, Continuing","7625","3487","4138","8","4","4","2021","926","1095","588","215","373","801","366","435","1","0","1","2521","1186","1335","361","149","212","342","158","184","982","483","499",,,,,"-2"
"215062","University of Pennsylvania","2022","Part-time students total","4642","1932","2710","3","3","0","1176","544","632","309","81","228","217","84","133","0","0","0","1859","751","1108","102","34","68","329","171","158","647","264","383",,,,,"-2"
"215062","University of Pennsylvania","2022","Part-time students, Undergraduate total","838","326","512","0","0","0","123","37","86","85","16","69","52","21","31","0","0","0","409","167","242","30","11","19","112","55","57","27","19","8",,,,,"-2"
"215062","University of Pennsylvania","2022","Part-time students, Undergraduate, Degree/certificate-seeking total","419","146","273","0","0","0","65","21","44","49","12","37","25","10","15","0","0","0","231","82","149","16","6","10","17","4","13","16","11","5",,,,,"-2"
"215062","University of Pennsylvania","2022","Part-time students, Undergraduate, Degree/certificate-seeking, Other degree/certificate-seeking","419","146","273","0","0","0","65","21","44","49","12","37","25","10","15","0","0","0","231","82","149","16","6","10","17","4","13","16","11","5",,,,,"-2"
"215062","University of Pennsylvania","2022","Part-time students, Undergraduate, Non-degree/certificate-seeking","419","180","239","0","0","0","58","16","42","36","4","32","27","11","16","0","0","0","178","85","93","14","5","9","95","51","44","11","8","3",,,,,"-2"
"215062","University of Pennsylvania","2022","Part-time students, Graduate","3804","1606","2198","3","3","0","1053","507","546","224","65","159","165","63","102","0","0","0","1450","584","866","72","23","49","217","116","101","620","245","375",,,,,"-2"
"215062","University of Pennsylvania","2022","Part-time students, Undergraduate, Other degree/certificatee-seeking, Continuing","419","146","273","0","0","0","65","21","44","49","12","37","25","10","15","0","0","0","231","82","149","16","6","10","17","4","13","16","11","5",,,,,"-2"
"215770","Saint Joseph's University","2022","All students total","7861","3200","4661","12","5","7","843","290","553","656","225","431","618","262","356","5","1","4","4963","2118","2845","214","83","131","228","86","142","322","130","192","0",,"0","7861","-2"
"215770","Saint Joseph's University","2022","All students, Undergraduate total","5071","2303","2768","5","3","2","545","192","353","331","134","197","454","206","248","2","0","2","3369","1601","1768","148","60","88","103","57","46","114","50","64","0",,"0","5071","-2"
"215770","Saint Joseph's University","2022","All students, Undergraduate, Degree/certificate-seeking total","4978","2245","2733","5","3","2","540","188","352","313","123","190","450","204","246","2","0","2","3342","1585","1757","148","60","88","66","33","33","112","49","63",,,,,"-2"
"215770","Saint Joseph's University","2022","All students, Undergraduate, Degree/certificate-seeking, First-time","1096","527","569","1","1","0","110","42","68","70","34","36","105","43","62","0","0","0","745","379","366","32","11","21","15","11","4","18","6","12",,,,,"-2"
"215770","Saint Joseph's University","2022","All students, Undergraduate, Other degree/certificate-seeking","3882","1718","2164","4","2","2","430","146","284","243","89","154","345","161","184","2","0","2","2597","1206","1391","116","49","67","51","22","29","94","43","51",,,,,"-2"
"215770","Saint Joseph's University","2022","All students, Undergraduate, Non-degree/certificate-seeking","93","58","35","0","0","0","5","4","1","18","11","7","4","2","2","0","0","0","27","16","11","0","0","0","37","24","13","2","1","1",,,,,"-2"
"215770","Saint Joseph's University","2022","All students, Graduate","2790","897","1893","7","2","5","298","98","200","325","91","234","164","56","108","3","1","2","1594","517","1077","66","23","43","125","29","96","208","80","128","0",,"0","2790","-2"
"215770","Saint Joseph's University","2022","All students, Undergraduate, Other degree/certificatee-seeking, Transfer-ins","110","55","55","0","0","0","11","6","5","11","3","8","9","4","5","0","0","0","69","37","32","2","1","1","3","1","2","5","3","2",,,,,"-2"
"215770","Saint Joseph's University","2022","All students, Undergraduate, Other degree/certificatee-seeking, Continuing","3772","1663","2109","4","2","2","419","140","279","232","86","146","336","157","179","2","0","2","2528","1169","1359","114","48","66","48","21","27","89","40","49",,,,,"-2"
"215770","Saint Joseph's University","2022","Full-time students total","5850","2499","3351","5","3","2","718","244","474","342","129","213","488","217","271","4","1","3","3801","1694","2107","175","73","102","90","39","51","227","99","128",,,,,"-2"
"215770","Saint Joseph's University","2022","Full-time students, Undergraduate total","4809","2174","2635","5","3","2","520","180","340","276","115","161","435","196","239","2","0","2","3256","1539","1717","142","59","83","62","33","29","111","49","62",,,,,"-2"
"215770","Saint Joseph's University","2022","Full-time students, Undergraduate, Degree/certificate-seeking total","4808","2174","2634","5","3","2","520","180","340","276","115","161","435","196","239","2","0","2","3256","1539","1717","142","59","83","62","33","29","110","49","61",,,,,"-2"
"215770","Saint Joseph's University","2022","Full-time students, Undergraduate, Degree/certificate-seeking, First-time","1095","526","569","1","1","0","110","42","68","70","34","36","104","42","62","0","0","0","745","379","366","32","11","21","15","11","4","18","6","12",,,,,"-2"
"215770","Saint Joseph's University","2022","Full-time students, Undergraduate, Degree/certificate-seeking, Other degree/certificate-seeking","3713","1648","2065","4","2","2","410","138","272","206","81","125","331","154","177","2","0","2","2511","1160","1351","110","48","62","47","22","25","92","43","49",,,,,"-2"
"215770","Saint Joseph's University","2022","Full-time students, Undergraduate, Non-degree/certificate-seeking","1","0","1","0","0","0","0","0","0","0","0","0","0","0","0","0","0","0","0","0","0","0","0","0","0","0","0","1","0","1",,,,,"-2"
"215770","Saint Joseph's University","2022","Full-time students, Graduate","1041","325","716","0","0","0","198","64","134","66","14","52","53","21","32","2","1","1","545","155","390","33","14","19","28","6","22","116","50","66",,,,,"-2"
"215770","Saint Joseph's University","2022","Full-time students, Undergraduate, Other degree/certificatee-seeking, Transfer-ins","92","49","43","0","0","0","10","6","4","7","2","5","5","2","3","0","0","0","61","34","27","2","1","1","2","1","1","5","3","2",,,,,"-2"
"215770","Saint Joseph's University","2022","Full-time students, Undergraduate, Other degree/certificatee-seeking, Continuing","3621","1599","2022","4","2","2","400","132","268","199","79","120","326","152","174","2","0","2","2450","1126","1324","108","47","61","45","21","24","87","40","47",,,,,"-2"
"215770","Saint Joseph's University","2022","Part-time students total","2011","701","1310","7","2","5","125","46","79","314","96","218","130","45","85","1","0","1","1162","424","738","39","10","29","138","47","91","95","31","64",,,,,"-2"
"215770","Saint Joseph's University","2022","Part-time students, Undergraduate total","262","129","133","0","0","0","25","12","13","55","19","36","19","10","9","0","0","0","113","62","51","6","1","5","41","24","17","3","1","2",,,,,"-2"
"215770","Saint Joseph's University","2022","Part-time students, Undergraduate, Degree/certificate-seeking total","170","71","99","0","0","0","20","8","12","37","8","29","15","8","7","0","0","0","86","46","40","6","1","5","4","0","4","2","0","2",,,,,"-2"
"215770","Saint Joseph's University","2022","Part-time students, Undergraduate, Degree/certificate-seeking, First-time","1","1","0","0","0","0","0","0","0","0","0","0","1","1","0","0","0","0","0","0","0","0","0","0","0","0","0","0","0","0",,,,,"-2"
"215770","Saint Joseph's University","2022","Part-time students, Undergraduate, Degree/certificate-seeking, Other degree/certificate-seeking","169","70","99","0","0","0","20","8","12","37","8","29","14","7","7","0","0","0","86","46","40","6","1","5","4","0","4","2","0","2",,,,,"-2"
"215770","Saint Joseph's University","2022","Part-time students, Undergraduate, Non-degree/certificate-seeking","92","58","34","0","0","0","5","4","1","18","11","7","4","2","2","0","0","0","27","16","11","0","0","0","37","24","13","1","1","0",,,,,"-2"
"215770","Saint Joseph's University","2022","Part-time students, Graduate","1749","572","1177","7","2","5","100","34","66","259","77","182","111","35","76","1","0","1","1049","362","687","33","9","24","97","23","74","92","30","62",,,,,"-2"
"215770","Saint Joseph's University","2022","Part-time students, Undergraduate, Other degree/certificatee-seeking, Transfer-ins","18","6","12","0","0","0","1","0","1","4","1","3","4","2","2","0","0","0","8","3","5","0","0","0","1","0","1","0","0","0",,,,,"-2"
"215770","Saint Joseph's University","2022","Part-time students, Undergraduate, Other degree/certificatee-seeking, Continuing","151","64","87","0","0","0","19","8","11","33","7","26","10","5","5","0","0","0","78","43","35","6","1","5","3","0","3","2","0","2",,,,,"-2"
"217156","Brown University","2022","All students total","11189","5381","5808","35","14","21","1789","897","892","873","355","518","1162","515","647","14","7","7","3871","2002","1869","702","288","414","497","213","284","2246","1090","1156","0","1","1","11188","-2"
"217156","Brown University","2022","All students, Undergraduate total","7639","3675","3964","27","11","16","1388","708","680","595","243","352","862","378","484","13","7","6","2779","1506","1273","566","238","328","365","150","215","1044","434","610","0","1","1","7638","-2"
"217156","Brown University","2022","All students, Undergraduate, Degree/certificate-seeking total","7222","3553","3669","27","11","16","1377","706","671","594","243","351","839","370","469","13","7","6","2764","1501","1263","564","237","327","213","103","110","831","375","456",,,,,"-2"
"217156","Brown University","2022","All students, Undergraduate, Degree/certificate-seeking, First-time","1717","829","888","6","2","4","357","194","163","172","58","114","216","88","128","4","2","2","540","294","246","147","70","77","43","20","23","232","101","131",,,,,"-2"
"217156","Brown University","2022","All students, Undergraduate, Other degree/certificate-seeking","5505","2724","2781","21","9","12","1020","512","508","422","185","237","623","282","341","9","5","4","2224","1207","1017","417","167","250","170","83","87","599","274","325",,,,,"-2"
"217156","Brown University","2022","All students, Undergraduate, Non-degree/certificate-seeking","417","122","295","0","0","0","11","2","9","1","0","1","23","8","15","0","0","0","15","5","10","2","1","1","152","47","105","213","59","154",,,,,"-2"
"217156","Brown University","2022","All students, Graduate","3550","1706","1844","8","3","5","401","189","212","278","112","166","300","137","163","1","0","1","1092","496","596","136","50","86","132","63","69","1202","656","546","0",,"0","3550","-2"
"217156","Brown University","2022","All students, Undergraduate, Other degree/certificatee-seeking, Transfer-ins","112","54","58","0","0","0","28","13","15","4","2","2","10","4","6","0","0","0","41","23","18","8","4","4","1","1","0","20","7","13",,,,,"-2"
"217156","Brown University","2022","All students, Undergraduate, Other degree/certificatee-seeking, Continuing","5393","2670","2723","21","9","12","992","499","493","418","183","235","613","278","335","9","5","4","2183","1184","999","409","163","246","169","82","87","579","267","312",,,,,"-2"
"217156","Brown University","2022","Full-time students total","10585","5171","5414","35","14","21","1763","888","875","862","348","514","1113","496","617","14","7","7","3792","1969","1823","686","282","404","313","155","158","2007","1012","995",,,,,"-2"
"217156","Brown University","2022","Full-time students, Undergraduate total","7189","3538","3651","27","11","16","1372","705","667","593","242","351","830","367","463","13","7","6","2744","1490","1254","557","234","323","212","104","108","841","378","463",,,,,"-2"
"217156","Brown University","2022","Full-time students, Undergraduate, Degree/certificate-seeking total","7166","3532","3634","27","11","16","1371","705","666","593","242","351","829","367","462","13","7","6","2743","1490","1253","557","234","323","210","102","108","823","374","449",,,,,"-2"
"217156","Brown University","2022","Full-time students, Undergraduate, Degree/certificate-seeking, First-time","1717","829","888","6","2","4","357","194","163","172","58","114","216","88","128","4","2","2","540","294","246","147","70","77","43","20","23","232","101","131",,,,,"-2"
"217156","Brown University","2022","Full-time students, Undergraduate, Degree/certificate-seeking, Other degree/certificate-seeking","5449","2703","2746","21","9","12","1014","511","503","421","184","237","613","279","334","9","5","4","2203","1196","1007","410","164","246","167","82","85","591","273","318",,,,,"-2"
"217156","Brown University","2022","Full-time students, Undergraduate, Non-degree/certificate-seeking","23","6","17","0","0","0","1","0","1","0","0","0","1","0","1","0","0","0","1","0","1","0","0","0","2","2","0","18","4","14",,,,,"-2"
"217156","Brown University","2022","Full-time students, Graduate","3396","1633","1763","8","3","5","391","183","208","269","106","163","283","129","154","1","0","1","1048","479","569","129","48","81","101","51","50","1166","634","532",,,,,"-2"
"217156","Brown University","2022","Full-time students, Undergraduate, Other degree/certificatee-seeking, Transfer-ins","112","54","58","0","0","0","28","13","15","4","2","2","10","4","6","0","0","0","41","23","18","8","4","4","1","1","0","20","7","13",,,,,"-2"
"217156","Brown University","2022","Full-time students, Undergraduate, Other degree/certificatee-seeking, Continuing","5337","2649","2688","21","9","12","986","498","488","417","182","235","603","275","328","9","5","4","2162","1173","989","402","160","242","166","81","85","571","266","305",,,,,"-2"
"217156","Brown University","2022","Part-time students total","604","210","394","0","0","0","26","9","17","11","7","4","49","19","30","0","0","0","79","33","46","16","6","10","184","58","126","239","78","161",,,,,"-2"
"217156","Brown University","2022","Part-time students, Undergraduate total","450","137","313","0","0","0","16","3","13","2","1","1","32","11","21","0","0","0","35","16","19","9","4","5","153","46","107","203","56","147",,,,,"-2"
"217156","Brown University","2022","Part-time students, Undergraduate, Degree/certificate-seeking total","56","21","35","0","0","0","6","1","5","1","1","0","10","3","7","0","0","0","21","11","10","7","3","4","3","1","2","8","1","7",,,,,"-2"
"217156","Brown University","2022","Part-time students, Undergraduate, Degree/certificate-seeking, Other degree/certificate-seeking","56","21","35","0","0","0","6","1","5","1","1","0","10","3","7","0","0","0","21","11","10","7","3","4","3","1","2","8","1","7",,,,,"-2"
"217156","Brown University","2022","Part-time students, Undergraduate, Non-degree/certificate-seeking","394","116","278","0","0","0","10","2","8","1","0","1","22","8","14","0","0","0","14","5","9","2","1","1","150","45","105","195","55","140",,,,,"-2"
"217156","Brown University","2022","Part-time students, Graduate","154","73","81","0","0","0","10","6","4","9","6","3","17","8","9","0","0","0","44","17","27","7","2","5","31","12","19","36","22","14",,,,,"-2"
"217156","Brown University","2022","Part-time students, Undergraduate, Other degree/certificatee-seeking, Continuing","56","21","35","0","0","0","6","1","5","1","1","0","10","3","7","0","0","0","21","11","10","7","3","4","3","1","2","8","1","7",,,,,"-2"
"217882","Clemson University","2022","All students total","28466","13554","14912","61","24","37","748","364","384","1629","696","933","2000","951","1049","31","19","12","20834","9699","11135","1007","473","534","502","244","258","1654","1084","570","0",,"0","28466","-2"
"217882","Clemson University","2022","All students, Undergraduate total","22566","10717","11849","54","22","32","662","317","345","1223","535","688","1773","860","913","24","14","10","17385","8262","9123","887","423","464","384","192","192","174","92","82","0",,"0","22566","-2"
"217882","Clemson University","2022","All students, Undergraduate, Degree/certificate-seeking total","22467","10667","11800","54","22","32","662","317","345","1216","531","685","1771","858","913","23","13","10","17327","8233","9094","885","421","464","374","188","186","155","84","71",,,,,"-2"
"217882","Clemson University","2022","All students, Undergraduate, Degree/certificate-seeking, First-time","4588","1912","2676","12","3","9","141","64","77","252","88","164","456","202","254","6","2","4","3407","1413","1994","179","74","105","89","44","45","46","22","24",,,,,"-2"
"217882","Clemson University","2022","All students, Undergraduate, Other degree/certificate-seeking","17879","8755","9124","42","19","23","521","253","268","964","443","521","1315","656","659","17","11","6","13920","6820","7100","706","347","359","285","144","141","109","62","47",,,,,"-2"
"217882","Clemson University","2022","All students, Undergraduate, Non-degree/certificate-seeking","99","50","49","0","0","0","0","0","0","7","4","3","2","2","0","1","1","0","58","29","29","2","2","0","10","4","6","19","8","11",,,,,"-2"
"217882","Clemson University","2022","All students, Graduate","5900","2837","3063","7","2","5","86","47","39","406","161","245","227","91","136","7","5","2","3449","1437","2012","120","50","70","118","52","66","1480","992","488","0",,"0","5900","-2"
"217882","Clemson University","2022","All students, Undergraduate, Other degree/certificatee-seeking, Transfer-ins","1621","881","740","1","0","1","49","28","21","63","27","36","97","45","52","0","0","0","1312","725","587","55","28","27","28","18","10","16","10","6",,,,,"-2"
"217882","Clemson University","2022","All students, Undergraduate, Other degree/certificatee-seeking, Continuing","16258","7874","8384","41","19","22","472","225","247","901","416","485","1218","611","607","17","11","6","12608","6095","6513","651","319","332","257","126","131","93","52","41",,,,,"-2"
"217882","Clemson University","2022","Full-time students total","25034","12103","12931","55","21","34","686","335","351","1316","571","745","1830","877","953","28","16","12","18295","8657","9638","917","430","487","410","207","203","1497","989","508",,,,,"-2"
"217882","Clemson University","2022","Full-time students, Undergraduate total","21741","10236","11505","51","20","31","635","303","332","1169","499","670","1710","825","885","23","13","10","16773","7910","8863","852","400","452","360","179","181","168","87","81",,,,,"-2"
"217882","Clemson University","2022","Full-time students, Undergraduate, Degree/certificate-seeking total","21714","10225","11489","51","20","31","635","303","332","1167","498","669","1710","825","885","23","13","10","16767","7908","8859","852","400","452","360","179","181","149","79","70",,,,,"-2"
"217882","Clemson University","2022","Full-time students, Undergraduate, Degree/certificate-seeking, First-time","4575","1907","2668","12","3","9","140","64","76","250","88","162","456","202","254","6","2","4","3398","1408","1990","178","74","104","89","44","45","46","22","24",,,,,"-2"
"217882","Clemson University","2022","Full-time students, Undergraduate, Degree/certificate-seeking, Other degree/certificate-seeking","17139","8318","8821","39","17","22","495","239","256","917","410","507","1254","623","631","17","11","6","13369","6500","6869","674","326","348","271","135","136","103","57","46",,,,,"-2"
"217882","Clemson University","2022","Full-time students, Undergraduate, Non-degree/certificate-seeking","27","11","16","0","0","0","0","0","0","2","1","1","0","0","0","0","0","0","6","2","4","0","0","0","0","0","0","19","8","11",,,,,"-2"
"217882","Clemson University","2022","Full-time students, Graduate","3293","1867","1426","4","1","3","51","32","19","147","72","75","120","52","68","5","3","2","1522","747","775","65","30","35","50","28","22","1329","902","427",,,,,"-2"
"217882","Clemson University","2022","Full-time students, Undergraduate, Other degree/certificatee-seeking, Transfer-ins","1577","853","724","1","0","1","47","27","20","62","26","36","93","43","50","0","0","0","1280","705","575","52","26","26","27","17","10","15","9","6",,,,,"-2"
"217882","Clemson University","2022","Full-time students, Undergraduate, Other degree/certificatee-seeking, Continuing","15562","7465","8097","38","17","21","448","212","236","855","384","471","1161","580","581","17","11","6","12089","5795","6294","622","300","322","244","118","126","88","48","40",,,,,"-2"
"217882","Clemson University","2022","Part-time students total","3432","1451","1981","6","3","3","62","29","33","313","125","188","170","74","96","3","3","0","2539","1042","1497","90","43","47","92","37","55","157","95","62",,,,,"-2"
"217882","Clemson University","2022","Part-time students, Undergraduate total","825","481","344","3","2","1","27","14","13","54","36","18","63","35","28","1","1","0","612","352","260","35","23","12","24","13","11","6","5","1",,,,,"-2"
"217882","Clemson University","2022","Part-time students, Undergraduate, Degree/certificate-seeking total","753","442","311","3","2","1","27","14","13","49","33","16","61","33","28","0","0","0","560","325","235","33","21","12","14","9","5","6","5","1",,,,,"-2"
"217882","Clemson University","2022","Part-time students, Undergraduate, Degree/certificate-seeking, First-time","13","5","8","0","0","0","1","0","1","2","0","2","0","0","0","0","0","0","9","5","4","1","0","1","0","0","0","0","0","0",,,,,"-2"
"217882","Clemson University","2022","Part-time students, Undergraduate, Degree/certificate-seeking, Other degree/certificate-seeking","740","437","303","3","2","1","26","14","12","47","33","14","61","33","28","0","0","0","551","320","231","32","21","11","14","9","5","6","5","1",,,,,"-2"
"217882","Clemson University","2022","Part-time students, Undergraduate, Non-degree/certificate-seeking","72","39","33","0","0","0","0","0","0","5","3","2","2","2","0","1","1","0","52","27","25","2","2","0","10","4","6","0","0","0",,,,,"-2"
"217882","Clemson University","2022","Part-time students, Graduate","2607","970","1637","3","1","2","35","15","20","259","89","170","107","39","68","2","2","0","1927","690","1237","55","20","35","68","24","44","151","90","61",,,,,"-2"
"217882","Clemson University","2022","Part-time students, Undergraduate, Other degree/certificatee-seeking, Transfer-ins","44","28","16","0","0","0","2","1","1","1","1","0","4","2","2","0","0","0","32","20","12","3","2","1","1","1","0","1","1","0",,,,,"-2"
"217882","Clemson University","2022","Part-time students, Undergraduate, Other degree/certificatee-seeking, Continuing","696","409","287","3","2","1","24","13","11","46","32","14","57","31","26","0","0","0","519","300","219","29","19","10","13","8","5","5","4","1",,,,,"-2"
"218663","University of South Carolina-Columbia","2022","All students total","35653","15070","20583","53","18","35","1439","637","802","3576","1267","2309","1917","823","1094","23","11","12","24827","10386","14441","1411","565","846","613","318","295","1794","1045","749","0",,"0","35653","-2"
"218663","University of South Carolina-Columbia","2022","All students, Undergraduate total","27343","11975","15368","37","13","24","1151","518","633","2511","1029","1482","1570","694","876","21","10","11","19871","8645","11226","1138","471","667","302","144","158","742","451","291","0",,"0","27343","-2"
"218663","University of South Carolina-Columbia","2022","All students, Undergraduate, Degree/certificate-seeking total","26840","11706","15134","37","13","24","1143","514","629","2426","984","1442","1553","683","870","21","10","11","19737","8574","11163","1126","463","663","297","142","155","500","323","177",,,,,"-2"
"218663","University of South Carolina-Columbia","2022","All students, Undergraduate, Degree/certificate-seeking, First-time","6574","2591","3983","14","4","10","273","112","161","629","212","417","367","158","209","4","2","2","4893","1937","2956","266","98","168","70","30","40","58","38","20",,,,,"-2"
"218663","University of South Carolina-Columbia","2022","All students, Undergraduate, Other degree/certificate-seeking","20266","9115","11151","23","9","14","870","402","468","1797","772","1025","1186","525","661","17","8","9","14844","6637","8207","860","365","495","227","112","115","442","285","157",,,,,"-2"
"218663","University of South Carolina-Columbia","2022","All students, Undergraduate, Non-degree/certificate-seeking","503","269","234","0","0","0","8","4","4","85","45","40","17","11","6","0","0","0","134","71","63","12","8","4","5","2","3","242","128","114",,,,,"-2"
"218663","University of South Carolina-Columbia","2022","All students, Graduate","8310","3095","5215","16","5","11","288","119","169","1065","238","827","347","129","218","2","1","1","4956","1741","3215","273","94","179","311","174","137","1052","594","458","0",,"0","8310","-2"
"218663","University of South Carolina-Columbia","2022","All students, Undergraduate, Other degree/certificatee-seeking, Transfer-ins","1315","653","662","1","0","1","42","21","21","202","90","112","105","52","53","2","1","1","863","435","428","62","31","31","3","3","0","35","20","15",,,,,"-2"
"218663","University of South Carolina-Columbia","2022","All students, Undergraduate, Other degree/certificatee-seeking, Continuing","18951","8462","10489","22","9","13","828","381","447","1595","682","913","1081","473","608","15","7","8","13981","6202","7779","798","334","464","224","109","115","407","265","142",,,,,"-2"
"218663","University of South Carolina-Columbia","2022","Full-time students total","31941","13739","18202","43","15","28","1335","590","745","2867","1061","1806","1743","747","996","20","10","10","22429","9523","12906","1266","508","758","571","307","264","1667","978","689",,,,,"-2"
"218663","University of South Carolina-Columbia","2022","Full-time students, Undergraduate total","26242","11394","14848","36","12","24","1112","497","615","2289","929","1360","1500","652","848","19","10","9","19182","8270","10912","1084","441","643","294","142","152","726","441","285",,,,,"-2"
"218663","University of South Carolina-Columbia","2022","Full-time students, Undergraduate, Degree/certificate-seeking total","25960","11235","14725","36","12","24","1111","497","614","2272","912","1360","1497","650","847","19","10","9","19163","8259","10904","1082","439","643","293","141","152","487","315","172",,,,,"-2"
"218663","University of South Carolina-Columbia","2022","Full-time students, Undergraduate, Degree/certificate-seeking, First-time","6567","2586","3981","14","4","10","273","112","161","628","211","417","367","158","209","4","2","2","4888","1934","2954","265","97","168","70","30","40","58","38","20",,,,,"-2"
"218663","University of South Carolina-Columbia","2022","Full-time students, Undergraduate, Degree/certificate-seeking, Other degree/certificate-seeking","19393","8649","10744","22","8","14","838","385","453","1644","701","943","1130","492","638","15","8","7","14275","6325","7950","817","342","475","223","111","112","429","277","152",,,,,"-2"
"218663","University of South Carolina-Columbia","2022","Full-time students, Undergraduate, Non-degree/certificate-seeking","282","159","123","0","0","0","1","0","1","17","17","0","3","2","1","0","0","0","19","11","8","2","2","0","1","1","0","239","126","113",,,,,"-2"
"218663","University of South Carolina-Columbia","2022","Full-time students, Graduate","5699","2345","3354","7","3","4","223","93","130","578","132","446","243","95","148","1","0","1","3247","1253","1994","182","67","115","277","165","112","941","537","404",,,,,"-2"
"218663","University of South Carolina-Columbia","2022","Full-time students, Undergraduate, Other degree/certificatee-seeking, Transfer-ins","1236","624","612","1","0","1","40","20","20","182","82","100","97","50","47","2","1","1","818","420","398","58","28","30","3","3","0","35","20","15",,,,,"-2"
"218663","University of South Carolina-Columbia","2022","Full-time students, Undergraduate, Other degree/certificatee-seeking, Continuing","18157","8025","10132","21","8","13","798","365","433","1462","619","843","1033","442","591","13","7","6","13457","5905","7552","759","314","445","220","108","112","394","257","137",,,,,"-2"
"218663","University of South Carolina-Columbia","2022","Part-time students total","3712","1331","2381","10","3","7","104","47","57","709","206","503","174","76","98","3","1","2","2398","863","1535","145","57","88","42","11","31","127","67","60",,,,,"-2"
"218663","University of South Carolina-Columbia","2022","Part-time students, Undergraduate total","1101","581","520","1","1","0","39","21","18","222","100","122","70","42","28","2","0","2","689","375","314","54","30","24","8","2","6","16","10","6",,,,,"-2"
"218663","University of South Carolina-Columbia","2022","Part-time students, Undergraduate, Degree/certificate-seeking total","880","471","409","1","1","0","32","17","15","154","72","82","56","33","23","2","0","2","574","315","259","44","24","20","4","1","3","13","8","5",,,,,"-2"
"218663","University of South Carolina-Columbia","2022","Part-time students, Undergraduate, Degree/certificate-seeking, First-time","7","5","2","0","0","0","0","0","0","1","1","0","0","0","0","0","0","0","5","3","2","1","1","0","0","0","0","0","0","0",,,,,"-2"
"218663","University of South Carolina-Columbia","2022","Part-time students, Undergraduate, Degree/certificate-seeking, Other degree/certificate-seeking","873","466","407","1","1","0","32","17","15","153","71","82","56","33","23","2","0","2","569","312","257","43","23","20","4","1","3","13","8","5",,,,,"-2"
"218663","University of South Carolina-Columbia","2022","Part-time students, Undergraduate, Non-degree/certificate-seeking","221","110","111","0","0","0","7","4","3","68","28","40","14","9","5","0","0","0","115","60","55","10","6","4","4","1","3","3","2","1",,,,,"-2"
"218663","University of South Carolina-Columbia","2022","Part-time students, Graduate","2611","750","1861","9","2","7","65","26","39","487","106","381","104","34","70","1","1","0","1709","488","1221","91","27","64","34","9","25","111","57","54",,,,,"-2"
"218663","University of South Carolina-Columbia","2022","Part-time students, Undergraduate, Other degree/certificatee-seeking, Transfer-ins","79","29","50","0","0","0","2","1","1","20","8","12","8","2","6","0","0","0","45","15","30","4","3","1","0","0","0","0","0","0",,,,,"-2"
"218663","University of South Carolina-Columbia","2022","Part-time students, Undergraduate, Other degree/certificatee-seeking, Continuing","794","437","357","1","1","0","30","16","14","133","63","70","48","31","17","2","0","2","524","297","227","39","20","19","4","1","3","13","8","5",,,,,"-2"
"218724","Coastal Carolina University","2022","All students total","10337","4604","5733","30","10","20","125","61","64","1448","733","715","632","293","339","15","8","7","7281","3127","4154","410","183","227","285","129","156","111","60","51","0","10","10","10327","-2"
"218724","Coastal Carolina University","2022","All students, Undergraduate total","9794","4417","5377","28","10","18","118","58","60","1391","710","681","613","284","329","15","8","7","6866","2998","3868","400","181","219","281","126","155","82","42","40","0","10","10","9784","-2"
"218724","Coastal Carolina University","2022","All students, Undergraduate, Degree/certificate-seeking total","9495","4259","5236","27","9","18","93","46","47","1353","692","661","589","274","315","14","7","7","6683","2894","3789","389","176","213","273","122","151","74","39","35",,,,,"-2"
"218724","Coastal Carolina University","2022","All students, Undergraduate, Degree/certificate-seeking, First-time","2662","1213","1449","6","2","4","24","13","11","256","135","121","173","77","96","1","1","0","2033","892","1141","106","56","50","50","28","22","13","9","4",,,,,"-2"
"218724","Coastal Carolina University","2022","All students, Undergraduate, Other degree/certificate-seeking","6833","3046","3787","21","7","14","69","33","36","1097","557","540","416","197","219","13","6","7","4650","2002","2648","283","120","163","223","94","129","61","30","31",,,,,"-2"
"218724","Coastal Carolina University","2022","All students, Undergraduate, Non-degree/certificate-seeking","299","158","141","1","1","0","25","12","13","38","18","20","24","10","14","1","1","0","183","104","79","11","5","6","8","4","4","8","3","5",,,,,"-2"
"218724","Coastal Carolina University","2022","All students, Graduate","543","187","356","2","0","2","7","3","4","57","23","34","19","9","10","0","0","0","415","129","286","10","2","8","4","3","1","29","18","11","0","0","0","543","-2"
"218724","Coastal Carolina University","2022","All students, Undergraduate, Other degree/certificatee-seeking, Transfer-ins","586","298","288","1","0","1","5","3","2","81","40","41","51","27","24","1","1","0","388","204","184","28","9","19","15","6","9","16","8","8",,,,,"-2"
"218724","Coastal Carolina University","2022","All students, Undergraduate, Other degree/certificatee-seeking, Continuing","6247","2748","3499","20","7","13","64","30","34","1016","517","499","365","170","195","12","5","7","4262","1798","2464","255","111","144","208","88","120","45","22","23",,,,,"-2"
"218724","Coastal Carolina University","2022","Full-time students total","9163","4082","5081","27","9","18","92","43","49","1260","643","617","569","267","302","11","5","6","6471","2784","3687","370","162","208","260","116","144","103","53","50",,,,,"-2"
"218724","Coastal Carolina University","2022","Full-time students, Undergraduate total","9015","4012","5003","26","9","17","89","42","47","1249","636","613","563","263","300","11","5","6","6372","2740","3632","365","161","204","258","114","144","82","42","40",,,,,"-2"
"218724","Coastal Carolina University","2022","Full-time students, Undergraduate, Degree/certificate-seeking total","8989","3997","4992","26","9","17","87","40","47","1246","634","612","563","263","300","11","5","6","6361","2733","3628","365","161","204","256","113","143","74","39","35",,,,,"-2"
"218724","Coastal Carolina University","2022","Full-time students, Undergraduate, Degree/certificate-seeking, First-time","2653","1207","1446","6","2","4","24","13","11","254","133","121","171","76","95","1","1","0","2031","891","1140","104","54","50","49","28","21","13","9","4",,,,,"-2"
"218724","Coastal Carolina University","2022","Full-time students, Undergraduate, Degree/certificate-seeking, Other degree/certificate-seeking","6336","2790","3546","20","7","13","63","27","36","992","501","491","392","187","205","10","4","6","4330","1842","2488","261","107","154","207","85","122","61","30","31",,,,,"-2"
"218724","Coastal Carolina University","2022","Full-time students, Undergraduate, Non-degree/certificate-seeking","26","15","11","0","0","0","2","2","0","3","2","1","0","0","0","0","0","0","11","7","4","0","0","0","2","1","1","8","3","5",,,,,"-2"
"218724","Coastal Carolina University","2022","Full-time students, Graduate","148","70","78","1","0","1","3","1","2","11","7","4","6","4","2","0","0","0","99","44","55","5","1","4","2","2","0","21","11","10",,,,,"-2"
"218724","Coastal Carolina University","2022","Full-time students, Undergraduate, Other degree/certificatee-seeking, Transfer-ins","558","285","273","1","0","1","5","3","2","76","39","37","50","26","24","1","1","0","369","196","173","25","6","19","15","6","9","16","8","8",,,,,"-2"
"218724","Coastal Carolina University","2022","Full-time students, Undergraduate, Other degree/certificatee-seeking, Continuing","5778","2505","3273","19","7","12","58","24","34","916","462","454","342","161","181","9","3","6","3961","1646","2315","236","101","135","192","79","113","45","22","23",,,,,"-2"
"218724","Coastal Carolina University","2022","Part-time students total","1174","522","652","3","1","2","33","18","15","188","90","98","63","26","37","4","3","1","810","343","467","40","21","19","25","13","12","8","7","1",,,,,"-2"
"218724","Coastal Carolina University","2022","Part-time students, Undergraduate total","779","405","374","2","1","1","29","16","13","142","74","68","50","21","29","4","3","1","494","258","236","35","20","15","23","12","11","0","0","0",,,,,"-2"
"218724","Coastal Carolina University","2022","Part-time students, Undergraduate, Degree/certificate-seeking total","506","262","244","1","0","1","6","6","0","107","58","49","26","11","15","3","2","1","322","161","161","24","15","9","17","9","8","0","0","0",,,,,"-2"
"218724","Coastal Carolina University","2022","Part-time students, Undergraduate, Degree/certificate-seeking, First-time","9","6","3","0","0","0","0","0","0","2","2","0","2","1","1","0","0","0","2","1","1","2","2","0","1","0","1","0","0","0",,,,,"-2"
"218724","Coastal Carolina University","2022","Part-time students, Undergraduate, Degree/certificate-seeking, Other degree/certificate-seeking","497","256","241","1","0","1","6","6","0","105","56","49","24","10","14","3","2","1","320","160","160","22","13","9","16","9","7","0","0","0",,,,,"-2"
"218724","Coastal Carolina University","2022","Part-time students, Undergraduate, Non-degree/certificate-seeking","273","143","130","1","1","0","23","10","13","35","16","19","24","10","14","1","1","0","172","97","75","11","5","6","6","3","3","0","0","0",,,,,"-2"
"218724","Coastal Carolina University","2022","Part-time students, Graduate","395","117","278","1","0","1","4","2","2","46","16","30","13","5","8","0","0","0","316","85","231","5","1","4","2","1","1","8","7","1",,,,,"-2"
"218724","Coastal Carolina University","2022","Part-time students, Undergraduate, Other degree/certificatee-seeking, Transfer-ins","28","13","15","0","0","0","0","0","0","5","1","4","1","1","0","0","0","0","19","8","11","3","3","0","0","0","0","0","0","0",,,,,"-2"
"218724","Coastal Carolina University","2022","Part-time students, Undergraduate, Other degree/certificatee-seeking, Continuing","469","243","226","1","0","1","6","6","0","100","55","45","23","9","14","3","2","1","301","152","149","19","10","9","16","9","7","0","0","0",,,,,"-2"
"219356","South Dakota State University","2022","All students total","11327","4951","6376","146","46","100","152","55","97","181","105","76","307","136","171","6","4","2","9438","4049","5389","242","103","139","234","98","136","621","355","266","1",,"1","11326","-2"
"219356","South Dakota State University","2022","All students, Undergraduate total","9917","4407","5510","122","39","83","123","44","79","162","95","67","283","126","157","5","4","1","8524","3770","4754","224","93","131","216","92","124","258","144","114","0",,"0","9917","-2"
"219356","South Dakota State University","2022","All students, Undergraduate, Degree/certificate-seeking total","8627","3975","4652","72","24","48","105","36","69","150","90","60","243","111","132","4","3","1","7450","3415","4035","176","76","100","184","81","103","243","139","104",,,,,"-2"
"219356","South Dakota State University","2022","All students, Undergraduate, Degree/certificate-seeking, First-time","2191","1002","1189","16","6","10","29","11","18","25","15","10","51","24","27","2","1","1","1894","861","1033","35","18","17","89","41","48","50","25","25",,,,,"-2"
"219356","South Dakota State University","2022","All students, Undergraduate, Other degree/certificate-seeking","6436","2973","3463","56","18","38","76","25","51","125","75","50","192","87","105","2","2","0","5556","2554","3002","141","58","83","95","40","55","193","114","79",,,,,"-2"
"219356","South Dakota State University","2022","All students, Undergraduate, Non-degree/certificate-seeking","1290","432","858","50","15","35","18","8","10","12","5","7","40","15","25","1","1","0","1074","355","719","48","17","31","32","11","21","15","5","10",,,,,"-2"
"219356","South Dakota State University","2022","All students, Graduate","1410","544","866","24","7","17","29","11","18","19","10","9","24","10","14","1","0","1","914","279","635","18","10","8","18","6","12","363","211","152","1",,"1","1409","-2"
"219356","South Dakota State University","2022","All students, Undergraduate, Other degree/certificatee-seeking, Transfer-ins","414","171","243","4","1","3","6","0","6","10","5","5","25","8","17","0","0","0","323","137","186","10","2","8","24","10","14","12","8","4",,,,,"-2"
"219356","South Dakota State University","2022","All students, Undergraduate, Other degree/certificatee-seeking, Continuing","6022","2802","3220","52","17","35","70","25","45","115","70","45","167","79","88","2","2","0","5233","2417","2816","131","56","75","71","30","41","181","106","75",,,,,"-2"
"219356","South Dakota State University","2022","Full-time students total","8155","3804","4351","78","29","49","94","35","59","114","73","41","208","102","106","5","3","2","6959","3200","3759","159","69","90","164","72","92","374","221","153",,,,,"-2"
"219356","South Dakota State University","2022","Full-time students, Undergraduate total","7607","3569","4038","70","27","43","86","32","54","107","68","39","201","97","104","4","3","1","6606","3079","3527","152","63","89","160","71","89","221","129","92",,,,,"-2"
"219356","South Dakota State University","2022","Full-time students, Undergraduate, Degree/certificate-seeking total","7582","3562","4020","60","23","37","86","32","54","107","68","39","198","97","101","4","3","1","6602","3077","3525","149","63","86","160","71","89","216","128","88",,,,,"-2"
"219356","South Dakota State University","2022","Full-time students, Undergraduate, Degree/certificate-seeking, First-time","2123","981","1142","16","6","10","27","11","16","25","15","10","50","24","26","2","1","1","1837","842","995","34","18","16","86","39","47","46","25","21",,,,,"-2"
"219356","South Dakota State University","2022","Full-time students, Undergraduate, Degree/certificate-seeking, Other degree/certificate-seeking","5459","2581","2878","44","17","27","59","21","38","82","53","29","148","73","75","2","2","0","4765","2235","2530","115","45","70","74","32","42","170","103","67",,,,,"-2"
"219356","South Dakota State University","2022","Full-time students, Undergraduate, Non-degree/certificate-seeking","25","7","18","10","4","6","0","0","0","0","0","0","3","0","3","0","0","0","4","2","2","3","0","3","0","0","0","5","1","4",,,,,"-2"
"219356","South Dakota State University","2022","Full-time students, Graduate","548","235","313","8","2","6","8","3","5","7","5","2","7","5","2","1","0","1","353","121","232","7","6","1","4","1","3","153","92","61",,,,,"-2"
"219356","South Dakota State University","2022","Full-time students, Undergraduate, Other degree/certificatee-seeking, Transfer-ins","315","147","168","1","1","0","1","0","1","4","3","1","14","5","9","0","0","0","257","121","136","9","2","7","17","7","10","12","8","4",,,,,"-2"
"219356","South Dakota State University","2022","Full-time students, Undergraduate, Other degree/certificatee-seeking, Continuing","5144","2434","2710","43","16","27","58","21","37","78","50","28","134","68","66","2","2","0","4508","2114","2394","106","43","63","57","25","32","158","95","63",,,,,"-2"
"219356","South Dakota State University","2022","Part-time students total","3172","1147","2025","68","17","51","58","20","38","67","32","35","99","34","65","1","1","0","2479","849","1630","83","34","49","70","26","44","247","134","113",,,,,"-2"
"219356","South Dakota State University","2022","Part-time students, Undergraduate total","2310","838","1472","52","12","40","37","12","25","55","27","28","82","29","53","1","1","0","1918","691","1227","72","30","42","56","21","35","37","15","22",,,,,"-2"
"219356","South Dakota State University","2022","Part-time students, Undergraduate, Degree/certificate-seeking total","1045","413","632","12","1","11","19","4","15","43","22","21","45","14","31","0","0","0","848","338","510","27","13","14","24","10","14","27","11","16",,,,,"-2"
"219356","South Dakota State University","2022","Part-time students, Undergraduate, Degree/certificate-seeking, First-time","68","21","47","0","0","0","2","0","2","0","0","0","1","0","1","0","0","0","57","19","38","1","0","1","3","2","1","4","0","4",,,,,"-2"
"219356","South Dakota State University","2022","Part-time students, Undergraduate, Degree/certificate-seeking, Other degree/certificate-seeking","977","392","585","12","1","11","17","4","13","43","22","21","44","14","30","0","0","0","791","319","472","26","13","13","21","8","13","23","11","12",,,,,"-2"
"219356","South Dakota State University","2022","Part-time students, Undergraduate, Non-degree/certificate-seeking","1265","425","840","40","11","29","18","8","10","12","5","7","37","15","22","1","1","0","1070","353","717","45","17","28","32","11","21","10","4","6",,,,,"-2"
"219356","South Dakota State University","2022","Part-time students, Graduate","862","309","553","16","5","11","21","8","13","12","5","7","17","5","12","0","0","0","561","158","403","11","4","7","14","5","9","210","119","91",,,,,"-2"
"219356","South Dakota State University","2022","Part-time students, Undergraduate, Other degree/certificatee-seeking, Transfer-ins","99","24","75","3","0","3","5","0","5","6","2","4","11","3","8","0","0","0","66","16","50","1","0","1","7","3","4","0","0","0",,,,,"-2"
"219356","South Dakota State University","2022","Part-time students, Undergraduate, Other degree/certificatee-seeking, Continuing","878","368","510","9","1","8","12","4","8","37","20","17","33","11","22","0","0","0","725","303","422","25","13","12","14","5","9","23","11","12",,,,,"-2"
"221999","Vanderbilt University","2022","All students total","13710","6047","7663","44","14","30","1698","778","920","1269","497","772","1279","576","703","28","15","13","6658","2796","3862","643","274","369","377","191","186","1714","906","808","1",,"1","13709","-2"
"221999","Vanderbilt University","2022","All students, Undergraduate total","7151","3443","3708","29","9","20","1250","604","646","743","316","427","787","386","401","21","12","9","2904","1391","1513","412","185","227","276","146","130","729","394","335","0",,"0","7151","-2"
"221999","Vanderbilt University","2022","All students, Undergraduate, Degree/certificate-seeking total","7144","3441","3703","29","9","20","1250","604","646","743","316","427","787","386","401","21","12","9","2901","1391","1510","412","185","227","276","146","130","725","392","333",,,,,"-2"
"221999","Vanderbilt University","2022","All students, Undergraduate, Degree/certificate-seeking, First-time","1619","739","880","11","4","7","292","134","158","178","63","115","192","86","106","7","3","4","608","278","330","100","40","60","62","30","32","169","101","68",,,,,"-2"
"221999","Vanderbilt University","2022","All students, Undergraduate, Other degree/certificate-seeking","5525","2702","2823","18","5","13","958","470","488","565","253","312","595","300","295","14","9","5","2293","1113","1180","312","145","167","214","116","98","556","291","265",,,,,"-2"
"221999","Vanderbilt University","2022","All students, Undergraduate, Non-degree/certificate-seeking","7","2","5","0","0","0","0","0","0","0","0","0","0","0","0","0","0","0","3","0","3","0","0","0","0","0","0","4","2","2",,,,,"-2"
"221999","Vanderbilt University","2022","All students, Graduate","6559","2604","3955","15","5","10","448","174","274","526","181","345","492","190","302","7","3","4","3754","1405","2349","231","89","142","101","45","56","985","512","473","1",,"1","6558","-2"
"221999","Vanderbilt University","2022","All students, Undergraduate, Other degree/certificatee-seeking, Transfer-ins","243","112","131","0","0","0","44","23","21","5","0","5","27","13","14","0","0","0","113","49","64","14","9","5","4","4","0","36","14","22",,,,,"-2"
"221999","Vanderbilt University","2022","All students, Undergraduate, Other degree/certificatee-seeking, Continuing","5282","2590","2692","18","5","13","914","447","467","560","253","307","568","287","281","14","9","5","2180","1064","1116","298","136","162","210","112","98","520","277","243",,,,,"-2"
"221999","Vanderbilt University","2022","Full-time students total","12486","5628","6858","38","13","25","1598","743","855","1117","440","677","1190","539","651","26","15","11","5897","2554","3343","606","262","344","345","175","170","1669","887","782",,,,,"-2"
"221999","Vanderbilt University","2022","Full-time students, Undergraduate total","7082","3403","3679","29","9","20","1237","600","637","734","309","425","782","384","398","21","12","9","2878","1374","1504","405","179","226","271","144","127","725","392","333",,,,,"-2"
"221999","Vanderbilt University","2022","Full-time students, Undergraduate, Degree/certificate-seeking total","7078","3401","3677","29","9","20","1237","600","637","734","309","425","782","384","398","21","12","9","2878","1374","1504","405","179","226","271","144","127","721","390","331",,,,,"-2"
"221999","Vanderbilt University","2022","Full-time students, Undergraduate, Degree/certificate-seeking, First-time","1617","739","878","11","4","7","291","134","157","178","63","115","192","86","106","7","3","4","607","278","329","100","40","60","62","30","32","169","101","68",,,,,"-2"
"221999","Vanderbilt University","2022","Full-time students, Undergraduate, Degree/certificate-seeking, Other degree/certificate-seeking","5461","2662","2799","18","5","13","946","466","480","556","246","310","590","298","292","14","9","5","2271","1096","1175","305","139","166","209","114","95","552","289","263",,,,,"-2"
"221999","Vanderbilt University","2022","Full-time students, Undergraduate, Non-degree/certificate-seeking","4","2","2","0","0","0","0","0","0","0","0","0","0","0","0","0","0","0","0","0","0","0","0","0","0","0","0","4","2","2",,,,,"-2"
"221999","Vanderbilt University","2022","Full-time students, Graduate","5404","2225","3179","9","4","5","361","143","218","383","131","252","408","155","253","5","3","2","3019","1180","1839","201","83","118","74","31","43","944","495","449",,,,,"-2"
"221999","Vanderbilt University","2022","Full-time students, Undergraduate, Other degree/certificatee-seeking, Transfer-ins","242","112","130","0","0","0","43","23","20","5","0","5","27","13","14","0","0","0","113","49","64","14","9","5","4","4","0","36","14","22",,,,,"-2"
"221999","Vanderbilt University","2022","Full-time students, Undergraduate, Other degree/certificatee-seeking, Continuing","5219","2550","2669","18","5","13","903","443","460","551","246","305","563","285","278","14","9","5","2158","1047","1111","291","130","161","205","110","95","516","275","241",,,,,"-2"
"221999","Vanderbilt University","2022","Part-time students total","1224","419","805","6","1","5","100","35","65","152","57","95","89","37","52","2","0","2","761","242","519","37","12","25","32","16","16","45","19","26",,,,,"-2"
"221999","Vanderbilt University","2022","Part-time students, Undergraduate total","69","40","29","0","0","0","13","4","9","9","7","2","5","2","3","0","0","0","26","17","9","7","6","1","5","2","3","4","2","2",,,,,"-2"
"221999","Vanderbilt University","2022","Part-time students, Undergraduate, Degree/certificate-seeking total","66","40","26","0","0","0","13","4","9","9","7","2","5","2","3","0","0","0","23","17","6","7","6","1","5","2","3","4","2","2",,,,,"-2"
"221999","Vanderbilt University","2022","Part-time students, Undergraduate, Degree/certificate-seeking, First-time","2","0","2","0","0","0","1","0","1","0","0","0","0","0","0","0","0","0","1","0","1","0","0","0","0","0","0","0","0","0",,,,,"-2"
"221999","Vanderbilt University","2022","Part-time students, Undergraduate, Degree/certificate-seeking, Other degree/certificate-seeking","64","40","24","0","0","0","12","4","8","9","7","2","5","2","3","0","0","0","22","17","5","7","6","1","5","2","3","4","2","2",,,,,"-2"
"221999","Vanderbilt University","2022","Part-time students, Undergraduate, Non-degree/certificate-seeking","3","0","3","0","0","0","0","0","0","0","0","0","0","0","0","0","0","0","3","0","3","0","0","0","0","0","0","0","0","0",,,,,"-2"
"221999","Vanderbilt University","2022","Part-time students, Graduate","1155","379","776","6","1","5","87","31","56","143","50","93","84","35","49","2","0","2","735","225","510","30","6","24","27","14","13","41","17","24",,,,,"-2"
"221999","Vanderbilt University","2022","Part-time students, Undergraduate, Other degree/certificatee-seeking, Transfer-ins","1","0","1","0","0","0","1","0","1","0","0","0","0","0","0","0","0","0","0","0","0","0","0","0","0","0","0","0","0","0",,,,,"-2"
"221999","Vanderbilt University","2022","Part-time students, Undergraduate, Other degree/certificatee-seeking, Continuing","63","40","23","0","0","0","11","4","7","9","7","2","5","2","3","0","0","0","22","17","5","7","6","1","5","2","3","4","2","2",,,,,"-2"
"224615","Dallas College","2022","All students total","64156","26171","37985","160","70","90","3905","1837","2068","12366","4500","7866","30854","12221","18633","12","5","7","9589","4370","5219","1039","444","595","2234","974","1260","3997","1750","2247","0",,"0","64156","-2"
"224615","Dallas College","2022","All students, Undergraduate total","64156","26171","37985","160","70","90","3905","1837","2068","12366","4500","7866","30854","12221","18633","12","5","7","9589","4370","5219","1039","444","595","2234","974","1260","3997","1750","2247","0",,"0","64156","-2"
"224615","Dallas College","2022","All students, Undergraduate, Degree/certificate-seeking total","34709","13840","20869","94","40","54","2006","1003","1003","7119","2443","4676","15819","6007","9812","10","3","7","5169","2390","2779","471","192","279","1189","502","687","2832","1260","1572",,,,,"-2"
"224615","Dallas College","2022","All students, Undergraduate, Degree/certificate-seeking, First-time","5604","2635","2969","19","7","12","270","157","113","939","455","484","3122","1369","1753","0","0","0","608","342","266","63","29","34","180","89","91","403","187","216",,,,,"-2"
"224615","Dallas College","2022","All students, Undergraduate, Other degree/certificate-seeking","29105","11205","17900","75","33","42","1736","846","890","6180","1988","4192","12697","4638","8059","10","3","7","4561","2048","2513","408","163","245","1009","413","596","2429","1073","1356",,,,,"-2"
"224615","Dallas College","2022","All students, Undergraduate, Non-degree/certificate-seeking","29447","12331","17116","66","30","36","1899","834","1065","5247","2057","3190","15035","6214","8821","2","2","0","4420","1980","2440","568","252","316","1045","472","573","1165","490","675",,,,,"-2"
"224615","Dallas College","2022","All students, Undergraduate, Other degree/certificatee-seeking, Transfer-ins","2405","1082","1323","10","3","7","117","59","58","511","205","306","715","282","433","0","0","0","472","236","236","21","8","13","68","25","43","491","264","227",,,,,"-2"
"224615","Dallas College","2022","All students, Undergraduate, Other degree/certificatee-seeking, Continuing","26700","10123","16577","65","30","35","1619","787","832","5669","1783","3886","11982","4356","7626","10","3","7","4089","1812","2277","387","155","232","941","388","553","1938","809","1129",,,,,"-2"
"224615","Dallas College","2022","Full-time students total","14830","6752","8078","34","16","18","974","504","470","2526","1076","1450","6853","2930","3923","2","0","2","2171","1145","1026","243","113","130","472","233","239","1555","735","820",,,,,"-2"
"224615","Dallas College","2022","Full-time students, Undergraduate total","14830","6752","8078","34","16","18","974","504","470","2526","1076","1450","6853","2930","3923","2","0","2","2171","1145","1026","243","113","130","472","233","239","1555","735","820",,,,,"-2"
"224615","Dallas College","2022","Full-time students, Undergraduate, Degree/certificate-seeking total","9785","4481","5304","23","11","12","594","318","276","1725","725","1000","4155","1788","2367","2","0","2","1570","815","755","156","76","80","294","146","148","1266","602","664",,,,,"-2"
"224615","Dallas College","2022","Full-time students, Undergraduate, Degree/certificate-seeking, First-time","2041","1025","1016","9","5","4","125","65","60","297","168","129","1076","507","569","0","0","0","304","166","138","38","18","20","62","36","26","130","60","70",,,,,"-2"
"224615","Dallas College","2022","Full-time students, Undergraduate, Degree/certificate-seeking, Other degree/certificate-seeking","7744","3456","4288","14","6","8","469","253","216","1428","557","871","3079","1281","1798","2","0","2","1266","649","617","118","58","60","232","110","122","1136","542","594",,,,,"-2"
"224615","Dallas College","2022","Full-time students, Undergraduate, Non-degree/certificate-seeking","5045","2271","2774","11","5","6","380","186","194","801","351","450","2698","1142","1556","0","0","0","601","330","271","87","37","50","178","87","91","289","133","156",,,,,"-2"
"224615","Dallas College","2022","Full-time students, Undergraduate, Other degree/certificatee-seeking, Transfer-ins","987","532","455","2","2","0","42","21","21","178","94","84","243","123","120","0","0","0","159","97","62","8","3","5","18","6","12","337","186","151",,,,,"-2"
"224615","Dallas College","2022","Full-time students, Undergraduate, Other degree/certificatee-seeking, Continuing","6757","2924","3833","12","4","8","427","232","195","1250","463","787","2836","1158","1678","2","0","2","1107","552","555","110","55","55","214","104","110","799","356","443",,,,,"-2"
"224615","Dallas College","2022","Part-time students total","49326","19419","29907","126","54","72","2931","1333","1598","9840","3424","6416","24001","9291","14710","10","5","5","7418","3225","4193","796","331","465","1762","741","1021","2442","1015","1427",,,,,"-2"
"224615","Dallas College","2022","Part-time students, Undergraduate total","49326","19419","29907","126","54","72","2931","1333","1598","9840","3424","6416","24001","9291","14710","10","5","5","7418","3225","4193","796","331","465","1762","741","1021","2442","1015","1427",,,,,"-2"
"224615","Dallas College","2022","Part-time students, Undergraduate, Degree/certificate-seeking total","24924","9359","15565","71","29","42","1412","685","727","5394","1718","3676","11664","4219","7445","8","3","5","3599","1575","2024","315","116","199","895","356","539","1566","658","908",,,,,"-2"
"224615","Dallas College","2022","Part-time students, Undergraduate, Degree/certificate-seeking, First-time","3563","1610","1953","10","2","8","145","92","53","642","287","355","2046","862","1184","0","0","0","304","176","128","25","11","14","118","53","65","273","127","146",,,,,"-2"
"224615","Dallas College","2022","Part-time students, Undergraduate, Degree/certificate-seeking, Other degree/certificate-seeking","21361","7749","13612","61","27","34","1267","593","674","4752","1431","3321","9618","3357","6261","8","3","5","3295","1399","1896","290","105","185","777","303","474","1293","531","762",,,,,"-2"
"224615","Dallas College","2022","Part-time students, Undergraduate, Non-degree/certificate-seeking","24402","10060","14342","55","25","30","1519","648","871","4446","1706","2740","12337","5072","7265","2","2","0","3819","1650","2169","481","215","266","867","385","482","876","357","519",,,,,"-2"
"224615","Dallas College","2022","Part-time students, Undergraduate, Other degree/certificatee-seeking, Transfer-ins","1418","550","868","8","1","7","75","38","37","333","111","222","472","159","313","0","0","0","313","139","174","13","5","8","50","19","31","154","78","76",,,,,"-2"
"224615","Dallas College","2022","Part-time students, Undergraduate, Other degree/certificatee-seeking, Continuing","19943","7199","12744","53","26","27","1192","555","637","4419","1320","3099","9146","3198","5948","8","3","5","2982","1260","1722","277","100","177","727","284","443","1139","453","686",,,,,"-2"
"225511","University of Houston","2022","All students total","46700","22359","24341","62","33","29","10271","5085","5186","5080","2029","3051","15524","6941","8583","37","21","16","9351","4681","4670","1338","617","721","650","312","338","4387","2640","1747","0",,"0","46700","-2"
"225511","University of Houston","2022","All students, Undergraduate total","37943","18290","19653","42","24","18","9090","4634","4456","4206","1743","2463","14012","6368","7644","30","17","13","7076","3667","3409","1189","562","627","514","245","269","1784","1030","754","0",,"0","37943","-2"
"225511","University of Houston","2022","All students, Undergraduate, Degree/certificate-seeking total","37080","17842","19238","41","24","17","8895","4535","4360","4124","1704","2420","13787","6256","7531","30","17","13","6842","3545","3297","1162","547","615","494","237","257","1705","977","728",,,,,"-2"
"225511","University of Houston","2022","All students, Undergraduate, Degree/certificate-seeking, First-time","5555","2385","3170","3","0","3","1517","692","825","732","256","476","2044","816","1228","3","0","3","782","395","387","165","73","92","87","38","49","222","115","107",,,,,"-2"
"225511","University of Houston","2022","All students, Undergraduate, Other degree/certificate-seeking","31525","15457","16068","38","24","14","7378","3843","3535","3392","1448","1944","11743","5440","6303","27","17","10","6060","3150","2910","997","474","523","407","199","208","1483","862","621",,,,,"-2"
"225511","University of Houston","2022","All students, Undergraduate, Non-degree/certificate-seeking","863","448","415","1","0","1","195","99","96","82","39","43","225","112","113","0","0","0","234","122","112","27","15","12","20","8","12","79","53","26",,,,,"-2"
"225511","University of Houston","2022","All students, Graduate","8757","4069","4688","20","9","11","1181","451","730","874","286","588","1512","573","939","7","4","3","2275","1014","1261","149","55","94","136","67","69","2603","1610","993","0",,"0","8757","-2"
"225511","University of Houston","2022","All students, Undergraduate, Other degree/certificatee-seeking, Transfer-ins","4434","2159","2275","7","4","3","696","365","331","526","229","297","1727","756","971","5","2","3","826","433","393","156","64","92","45","25","20","446","281","165",,,,,"-2"
"225511","University of Houston","2022","All students, Undergraduate, Other degree/certificatee-seeking, Continuing","27091","13298","13793","31","20","11","6682","3478","3204","2866","1219","1647","10016","4684","5332","22","15","7","5234","2717","2517","841","410","431","362","174","188","1037","581","456",,,,,"-2"
"225511","University of Houston","2022","Full-time students total","33405","15587","17818","40","22","18","7768","3720","4048","3732","1453","2279","10442","4515","5927","24","15","9","6543","3211","3332","975","452","523","449","203","246","3432","1996","1436",,,,,"-2"
"225511","University of Houston","2022","Full-time students, Undergraduate total","27320","12716","14604","27","15","12","6930","3435","3495","3236","1292","1944","9585","4200","5385","21","12","9","5084","2572","2512","881","415","466","370","169","201","1186","606","580",,,,,"-2"
"225511","University of Houston","2022","Full-time students, Undergraduate, Degree/certificate-seeking total","27063","12597","14466","26","15","11","6883","3414","3469","3203","1280","1923","9535","4182","5353","21","12","9","4999","2527","2472","874","410","464","366","167","199","1156","590","566",,,,,"-2"
"225511","University of Houston","2022","Full-time students, Undergraduate, Degree/certificate-seeking, First-time","5102","2195","2907","3","0","3","1409","648","761","680","233","447","1852","742","1110","3","0","3","719","361","358","149","68","81","78","35","43","209","108","101",,,,,"-2"
"225511","University of Houston","2022","Full-time students, Undergraduate, Degree/certificate-seeking, Other degree/certificate-seeking","21961","10402","11559","23","15","8","5474","2766","2708","2523","1047","1476","7683","3440","4243","18","12","6","4280","2166","2114","725","342","383","288","132","156","947","482","465",,,,,"-2"
"225511","University of Houston","2022","Full-time students, Undergraduate, Non-degree/certificate-seeking","257","119","138","1","0","1","47","21","26","33","12","21","50","18","32","0","0","0","85","45","40","7","5","2","4","2","2","30","16","14",,,,,"-2"
"225511","University of Houston","2022","Full-time students, Graduate","6085","2871","3214","13","7","6","838","285","553","496","161","335","857","315","542","3","3","0","1459","639","820","94","37","57","79","34","45","2246","1390","856",,,,,"-2"
"225511","University of Houston","2022","Full-time students, Undergraduate, Other degree/certificatee-seeking, Transfer-ins","2800","1348","1452","5","3","2","452","230","222","380","171","209","1031","463","568","2","1","1","583","310","273","113","49","64","30","17","13","204","104","100",,,,,"-2"
"225511","University of Houston","2022","Full-time students, Undergraduate, Other degree/certificatee-seeking, Continuing","19161","9054","10107","18","12","6","5022","2536","2486","2143","876","1267","6652","2977","3675","16","11","5","3697","1856","1841","612","293","319","258","115","143","743","378","365",,,,,"-2"
"225511","University of Houston","2022","Part-time students total","13295","6772","6523","22","11","11","2503","1365","1138","1348","576","772","5082","2426","2656","13","6","7","2808","1470","1338","363","165","198","201","109","92","955","644","311",,,,,"-2"
"225511","University of Houston","2022","Part-time students, Undergraduate total","10623","5574","5049","15","9","6","2160","1199","961","970","451","519","4427","2168","2259","9","5","4","1992","1095","897","308","147","161","144","76","68","598","424","174",,,,,"-2"
"225511","University of Houston","2022","Part-time students, Undergraduate, Degree/certificate-seeking total","10017","5245","4772","15","9","6","2012","1121","891","921","424","497","4252","2074","2178","9","5","4","1843","1018","825","288","137","151","128","70","58","549","387","162",,,,,"-2"
"225511","University of Houston","2022","Part-time students, Undergraduate, Degree/certificate-seeking, First-time","453","190","263","0","0","0","108","44","64","52","23","29","192","74","118","0","0","0","63","34","29","16","5","11","9","3","6","13","7","6",,,,,"-2"
"225511","University of Houston","2022","Part-time students, Undergraduate, Degree/certificate-seeking, Other degree/certificate-seeking","9564","5055","4509","15","9","6","1904","1077","827","869","401","468","4060","2000","2060","9","5","4","1780","984","796","272","132","140","119","67","52","536","380","156",,,,,"-2"
"225511","University of Houston","2022","Part-time students, Undergraduate, Non-degree/certificate-seeking","606","329","277","0","0","0","148","78","70","49","27","22","175","94","81","0","0","0","149","77","72","20","10","10","16","6","10","49","37","12",,,,,"-2"
"225511","University of Houston","2022","Part-time students, Graduate","2672","1198","1474","7","2","5","343","166","177","378","125","253","655","258","397","4","1","3","816","375","441","55","18","37","57","33","24","357","220","137",,,,,"-2"
"225511","University of Houston","2022","Part-time students, Undergraduate, Other degree/certificatee-seeking, Transfer-ins","1634","811","823","2","1","1","244","135","109","146","58","88","696","293","403","3","1","2","243","123","120","43","15","28","15","8","7","242","177","65",,,,,"-2"
"225511","University of Houston","2022","Part-time students, Undergraduate, Other degree/certificatee-seeking, Continuing","7930","4244","3686","13","8","5","1660","942","718","723","343","380","3364","1707","1657","6","4","2","1537","861","676","229","117","112","104","59","45","294","203","91",,,,,"-2"
"228778","The University of Texas at Austin","2022","All students total","52384","23099","29285","50","22","28","11045","5206","5839","2278","787","1491","13011","5093","7918","28","10","18","18137","7972","10165","1892","732","1160","826","409","417","5117","2868","2249","18",,"18","52366","-2"
"228778","The University of Texas at Austin","2022","All students, Undergraduate total","41309","17610","23699","43","20","23","10039","4714","5325","1861","653","1208","11538","4466","7072","22","10","12","13732","5887","7845","1638","628","1010","521","239","282","1915","993","922","11",,"11","41298","-2"
"228778","The University of Texas at Austin","2022","All students, Undergraduate, Degree/certificate-seeking total","40980","17447","23533","43","20","23","9999","4690","5309","1848","647","1201","11481","4448","7033","22","10","12","13597","5830","7767","1633","626","1007","520","239","281","1837","937","900",,,,,"-2"
"228778","The University of Texas at Austin","2022","All students, Undergraduate, Degree/certificate-seeking, First-time","9109","3619","5490","10","3","7","2461","1120","1341","460","163","297","2688","931","1757","6","0","6","2607","1021","1586","350","125","225","165","75","90","362","181","181",,,,,"-2"
"228778","The University of Texas at Austin","2022","All students, Undergraduate, Other degree/certificate-seeking","31871","13828","18043","33","17","16","7538","3570","3968","1388","484","904","8793","3517","5276","16","10","6","10990","4809","6181","1283","501","782","355","164","191","1475","756","719",,,,,"-2"
"228778","The University of Texas at Austin","2022","All students, Undergraduate, Non-degree/certificate-seeking","329","163","166","0","0","0","40","24","16","13","6","7","57","18","39","0","0","0","135","57","78","5","2","3","1","0","1","78","56","22",,,,,"-2"
"228778","The University of Texas at Austin","2022","All students, Graduate","11075","5489","5586","7","2","5","1006","492","514","417","134","283","1473","627","846","6","0","6","4405","2085","2320","254","104","150","305","170","135","3202","1875","1327","7",,"7","11068","-2"
"228778","The University of Texas at Austin","2022","All students, Undergraduate, Other degree/certificatee-seeking, Transfer-ins","2038","948","1090","2","1","1","343","158","185","70","32","38","534","216","318","1","1","0","640","317","323","72","26","46","36","21","15","340","176","164",,,,,"-2"
"228778","The University of Texas at Austin","2022","All students, Undergraduate, Other degree/certificatee-seeking, Continuing","29833","12880","16953","31","16","15","7195","3412","3783","1318","452","866","8259","3301","4958","15","9","6","10350","4492","5858","1211","475","736","319","143","176","1135","580","555",,,,,"-2"
"228778","The University of Texas at Austin","2022","Full-time students total","49081","21475","27606","44","19","25","10363","4830","5533","2165","745","1420","12203","4721","7482","23","7","16","16733","7273","9460","1775","689","1086","768","382","386","5007","2809","2198",,,,,"-2"
"228778","The University of Texas at Austin","2022","Full-time students, Undergraduate total","38591","16248","22343","38","17","21","9401","4362","5039","1781","620","1161","10866","4151","6715","18","7","11","12627","5326","7301","1533","588","945","487","224","263","1840","953","887",,,,,"-2"
"228778","The University of Texas at Austin","2022","Full-time students, Undergraduate, Degree/certificate-seeking total","38444","16167","22277","38","17","21","9387","4355","5032","1773","616","1157","10847","4146","6701","18","7","11","12598","5314","7284","1531","588","943","487","224","263","1765","900","865",,,,,"-2"
"228778","The University of Texas at Austin","2022","Full-time students, Undergraduate, Degree/certificate-seeking, First-time","8979","3568","5411","10","3","7","2435","1110","1325","453","162","291","2652","920","1732","6","0","6","2560","997","1563","344","124","220","162","74","88","357","178","179",,,,,"-2"
"228778","The University of Texas at Austin","2022","Full-time students, Undergraduate, Degree/certificate-seeking, Other degree/certificate-seeking","29465","12599","16866","28","14","14","6952","3245","3707","1320","454","866","8195","3226","4969","12","7","5","10038","4317","5721","1187","464","723","325","150","175","1408","722","686",,,,,"-2"
"228778","The University of Texas at Austin","2022","Full-time students, Undergraduate, Non-degree/certificate-seeking","147","81","66","0","0","0","14","7","7","8","4","4","19","5","14","0","0","0","29","12","17","2","0","2","0","0","0","75","53","22",,,,,"-2"
"228778","The University of Texas at Austin","2022","Full-time students, Graduate","10490","5227","5263","6","2","4","962","468","494","384","125","259","1337","570","767","5","0","5","4106","1947","2159","242","101","141","281","158","123","3167","1856","1311",,,,,"-2"
"228778","The University of Texas at Austin","2022","Full-time students, Undergraduate, Other degree/certificatee-seeking, Transfer-ins","1959","919","1040","2","1","1","334","155","179","66","30","36","516","212","304","1","1","0","613","302","311","70","26","44","32","20","12","325","172","153",,,,,"-2"
"228778","The University of Texas at Austin","2022","Full-time students, Undergraduate, Other degree/certificatee-seeking, Continuing","27506","11680","15826","26","13","13","6618","3090","3528","1254","424","830","7679","3014","4665","11","6","5","9425","4015","5410","1117","438","679","293","130","163","1083","550","533",,,,,"-2"
"228778","The University of Texas at Austin","2022","Part-time students total","3303","1624","1679","6","3","3","682","376","306","113","42","71","808","372","436","5","3","2","1404","699","705","117","43","74","58","27","31","110","59","51",,,,,"-2"
"228778","The University of Texas at Austin","2022","Part-time students, Undergraduate total","2718","1362","1356","5","3","2","638","352","286","80","33","47","672","315","357","4","3","1","1105","561","544","105","40","65","34","15","19","75","40","35",,,,,"-2"
"228778","The University of Texas at Austin","2022","Part-time students, Undergraduate, Degree/certificate-seeking total","2536","1280","1256","5","3","2","612","335","277","75","31","44","634","302","332","4","3","1","999","516","483","102","38","64","33","15","18","72","37","35",,,,,"-2"
"228778","The University of Texas at Austin","2022","Part-time students, Undergraduate, Degree/certificate-seeking, First-time","130","51","79","0","0","0","26","10","16","7","1","6","36","11","25","0","0","0","47","24","23","6","1","5","3","1","2","5","3","2",,,,,"-2"
"228778","The University of Texas at Austin","2022","Part-time students, Undergraduate, Degree/certificate-seeking, Other degree/certificate-seeking","2406","1229","1177","5","3","2","586","325","261","68","30","38","598","291","307","4","3","1","952","492","460","96","37","59","30","14","16","67","34","33",,,,,"-2"
"228778","The University of Texas at Austin","2022","Part-time students, Undergraduate, Non-degree/certificate-seeking","182","82","100","0","0","0","26","17","9","5","2","3","38","13","25","0","0","0","106","45","61","3","2","1","1","0","1","3","3","0",,,,,"-2"
"228778","The University of Texas at Austin","2022","Part-time students, Graduate","585","262","323","1","0","1","44","24","20","33","9","24","136","57","79","1","0","1","299","138","161","12","3","9","24","12","12","35","19","16",,,,,"-2"
"228778","The University of Texas at Austin","2022","Part-time students, Undergraduate, Other degree/certificatee-seeking, Transfer-ins","79","29","50","0","0","0","9","3","6","4","2","2","18","4","14","0","0","0","27","15","12","2","0","2","4","1","3","15","4","11",,,,,"-2"
"228778","The University of Texas at Austin","2022","Part-time students, Undergraduate, Other degree/certificatee-seeking, Continuing","2327","1200","1127","5","3","2","577","322","255","64","28","36","580","287","293","4","3","1","925","477","448","94","37","57","26","13","13","52","30","22",,,,,"-2"
"230764","University of Utah","2022","All students total","34734","17671","17063","119","41","78","2472","1151","1321","471","218","253","4400","1965","2435","140","60","80","21283","10947","10336","1825","847","978","973","519","454","3051","1923","1128","1557","0","1557","33177","-2"
"230764","University of Utah","2022","All students, Undergraduate total","26355","13605","12750","94","34","60","2046","979","1067","381","177","204","3626","1631","1995","119","54","65","16470","8734","7736","1542","739","803","474","218","256","1603","1039","564","1527","0","1527","24828","-2"
"230764","University of Utah","2022","All students, Undergraduate, Degree/certificate-seeking total","25392","13146","12246","89","31","58","1993","952","1041","366","170","196","3573","1606","1967","111","49","62","16071","8543","7528","1512","728","784","230","125","105","1447","942","505",,,,,"-2"
"230764","University of Utah","2022","All students, Undergraduate, Degree/certificate-seeking, First-time","5520","2741","2779","15","5","10","407","179","228","62","32","30","794","342","452","27","9","18","3490","1750","1740","350","152","198","62","36","26","313","236","77",,,,,"-2"
"230764","University of Utah","2022","All students, Undergraduate, Other degree/certificate-seeking","19872","10405","9467","74","26","48","1586","773","813","304","138","166","2779","1264","1515","84","40","44","12581","6793","5788","1162","576","586","168","89","79","1134","706","428",,,,,"-2"
"230764","University of Utah","2022","All students, Undergraduate, Non-degree/certificate-seeking","963","459","504","5","3","2","53","27","26","15","7","8","53","25","28","8","5","3","399","191","208","30","11","19","244","93","151","156","97","59",,,,,"-2"
"230764","University of Utah","2022","All students, Graduate","8379","4066","4313","25","7","18","426","172","254","90","41","49","774","334","440","21","6","15","4813","2213","2600","283","108","175","499","301","198","1448","884","564","30","0","30","8349","-2"
"230764","University of Utah","2022","All students, Undergraduate, Other degree/certificatee-seeking, Transfer-ins","1472","730","742","8","4","4","94","46","48","28","11","17","211","90","121","12","5","7","950","482","468","77","38","39","24","13","11","68","41","27",,,,,"-2"
"230764","University of Utah","2022","All students, Undergraduate, Other degree/certificatee-seeking, Continuing","18400","9675","8725","66","22","44","1492","727","765","276","127","149","2568","1174","1394","72","35","37","11631","6311","5320","1085","538","547","144","76","68","1066","665","401",,,,,"-2"
"230764","University of Utah","2022","Full-time students total","28070","14286","13784","91","31","60","2032","938","1094","365","165","200","3452","1549","1903","101","48","53","17228","8796","8432","1506","702","804","592","350","242","2703","1707","996",,,,,"-2"
"230764","University of Utah","2022","Full-time students, Undergraduate total","21291","11035","10256","72","25","47","1706","804","902","296","135","161","2847","1289","1558","86","43","43","13402","7096","6306","1269","607","662","195","104","91","1418","932","486",,,,,"-2"
"230764","University of Utah","2022","Full-time students, Undergraduate, Degree/certificate-seeking total","21189","10979","10210","71","24","47","1701","801","900","293","133","160","2840","1288","1552","85","42","43","13376","7084","6292","1266","604","662","190","102","88","1367","901","466",,,,,"-2"
"230764","University of Utah","2022","Full-time students, Undergraduate, Degree/certificate-seeking, First-time","5294","2633","2661","15","5","10","394","174","220","60","30","30","750","323","427","22","8","14","3357","1679","1678","332","148","184","61","36","25","303","230","73",,,,,"-2"
"230764","University of Utah","2022","Full-time students, Undergraduate, Degree/certificate-seeking, Other degree/certificate-seeking","15895","8346","7549","56","19","37","1307","627","680","233","103","130","2090","965","1125","63","34","29","10019","5405","4614","934","456","478","129","66","63","1064","671","393",,,,,"-2"
"230764","University of Utah","2022","Full-time students, Undergraduate, Non-degree/certificate-seeking","102","56","46","1","1","0","5","3","2","3","2","1","7","1","6","1","1","0","26","12","14","3","3","0","5","2","3","51","31","20",,,,,"-2"
"230764","University of Utah","2022","Full-time students, Graduate","6779","3251","3528","19","6","13","326","134","192","69","30","39","605","260","345","15","5","10","3826","1700","2126","237","95","142","397","246","151","1285","775","510",,,,,"-2"
"230764","University of Utah","2022","Full-time students, Undergraduate, Other degree/certificatee-seeking, Transfer-ins","1099","570","529","6","3","3","77","41","36","19","9","10","145","66","79","10","4","6","704","369","335","53","26","27","18","12","6","67","40","27",,,,,"-2"
"230764","University of Utah","2022","Full-time students, Undergraduate, Other degree/certificatee-seeking, Continuing","14796","7776","7020","50","16","34","1230","586","644","214","94","120","1945","899","1046","53","30","23","9315","5036","4279","881","430","451","111","54","57","997","631","366",,,,,"-2"
"230764","University of Utah","2022","Part-time students total","6664","3385","3279","28","10","18","440","213","227","106","53","53","948","416","532","39","12","27","4055","2151","1904","319","145","174","381","169","212","348","216","132",,,,,"-2"
"230764","University of Utah","2022","Part-time students, Undergraduate total","5064","2570","2494","22","9","13","340","175","165","85","42","43","779","342","437","33","11","22","3068","1638","1430","273","132","141","279","114","165","185","107","78",,,,,"-2"
"230764","University of Utah","2022","Part-time students, Undergraduate, Degree/certificate-seeking total","4203","2167","2036","18","7","11","292","151","141","73","37","36","733","318","415","26","7","19","2695","1459","1236","246","124","122","40","23","17","80","41","39",,,,,"-2"
"230764","University of Utah","2022","Part-time students, Undergraduate, Degree/certificate-seeking, First-time","226","108","118","0","0","0","13","5","8","2","2","0","44","19","25","5","1","4","133","71","62","18","4","14","1","0","1","10","6","4",,,,,"-2"
"230764","University of Utah","2022","Part-time students, Undergraduate, Degree/certificate-seeking, Other degree/certificate-seeking","3977","2059","1918","18","7","11","279","146","133","71","35","36","689","299","390","21","6","15","2562","1388","1174","228","120","108","39","23","16","70","35","35",,,,,"-2"
"230764","University of Utah","2022","Part-time students, Undergraduate, Non-degree/certificate-seeking","861","403","458","4","2","2","48","24","24","12","5","7","46","24","22","7","4","3","373","179","194","27","8","19","239","91","148","105","66","39",,,,,"-2"
"230764","University of Utah","2022","Part-time students, Graduate","1600","815","785","6","1","5","100","38","62","21","11","10","169","74","95","6","1","5","987","513","474","46","13","33","102","55","47","163","109","54",,,,,"-2"
"230764","University of Utah","2022","Part-time students, Undergraduate, Other degree/certificatee-seeking, Transfer-ins","373","160","213","2","1","1","17","5","12","9","2","7","66","24","42","2","1","1","246","113","133","24","12","12","6","1","5","1","1","0",,,,,"-2"
"230764","University of Utah","2022","Part-time students, Undergraduate, Other degree/certificatee-seeking, Continuing","3604","1899","1705","16","6","10","262","141","121","62","33","29","623","275","348","19","5","14","2316","1275","1041","204","108","96","33","22","11","69","34","35",,,,,"-2"
"230959","Middlebury College","2022","All students total","2843","1303","1540","3","2","1","200","90","110","149","68","81","331","141","190","0","0","0","1574","744","830","194","90","104","37","11","26","355","157","198","0","0","0","2843","-2"
"230959","Middlebury College","2022","All students, Undergraduate total","2773","1293","1480","3","2","1","200","90","110","149","68","81","331","141","190","0","0","0","1547","741","806","194","90","104","18","10","8","331","151","180","0","0","0","2773","-2"
"230959","Middlebury College","2022","All students, Undergraduate, Degree/certificate-seeking total","2751","1286","1465","3","2","1","200","90","110","149","68","81","331","141","190","0","0","0","1543","740","803","194","90","104","18","10","8","313","145","168",,,,,"-2"
"230959","Middlebury College","2022","All students, Undergraduate, Degree/certificate-seeking, First-time","639","291","348","1","1","0","53","22","31","50","21","29","107","44","63","0","0","0","296","139","157","55","31","24","5","3","2","72","30","42",,,,,"-2"
"230959","Middlebury College","2022","All students, Undergraduate, Other degree/certificate-seeking","2112","995","1117","2","1","1","147","68","79","99","47","52","224","97","127","0","0","0","1247","601","646","139","59","80","13","7","6","241","115","126",,,,,"-2"
"230959","Middlebury College","2022","All students, Undergraduate, Non-degree/certificate-seeking","22","7","15","0","0","0","0","0","0","0","0","0","0","0","0","0","0","0","4","1","3","0","0","0","0","0","0","18","6","12",,,,,"-2"
"230959","Middlebury College","2022","All students, Graduate","70","10","60","0","0","0","0","0","0","0","0","0","0","0","0","0","0","0","27","3","24","0","0","0","19","1","18","24","6","18","0","0","0","70","-2"
"230959","Middlebury College","2022","All students, Undergraduate, Other degree/certificatee-seeking, Transfer-ins","6","3","3","0","0","0","1","0","1","0","0","0","0","0","0","0","0","0","2","1","1","1","1","0","0","0","0","2","1","1",,,,,"-2"
"230959","Middlebury College","2022","All students, Undergraduate, Other degree/certificatee-seeking, Continuing","2106","992","1114","2","1","1","146","68","78","99","47","52","224","97","127","0","0","0","1245","600","645","138","58","80","13","7","6","239","114","125",,,,,"-2"
"230959","Middlebury College","2022","Full-time students total","2750","1285","1465","3","2","1","200","90","110","149","68","81","330","141","189","0","0","0","1534","736","798","194","90","104","18","10","8","322","148","174",,,,,"-2"
"230959","Middlebury College","2022","Full-time students, Undergraduate total","2748","1284","1464","3","2","1","200","90","110","149","68","81","330","141","189","0","0","0","1532","735","797","194","90","104","18","10","8","322","148","174",,,,,"-2"
"230959","Middlebury College","2022","Full-time students, Undergraduate, Degree/certificate-seeking total","2736","1280","1456","3","2","1","200","90","110","149","68","81","330","141","189","0","0","0","1529","734","795","194","90","104","18","10","8","313","145","168",,,,,"-2"
"230959","Middlebury College","2022","Full-time students, Undergraduate, Degree/certificate-seeking, First-time","639","291","348","1","1","0","53","22","31","50","21","29","107","44","63","0","0","0","296","139","157","55","31","24","5","3","2","72","30","42",,,,,"-2"
"230959","Middlebury College","2022","Full-time students, Undergraduate, Degree/certificate-seeking, Other degree/certificate-seeking","2097","989","1108","2","1","1","147","68","79","99","47","52","223","97","126","0","0","0","1233","595","638","139","59","80","13","7","6","241","115","126",,,,,"-2"
"230959","Middlebury College","2022","Full-time students, Undergraduate, Non-degree/certificate-seeking","12","4","8","0","0","0","0","0","0","0","0","0","0","0","0","0","0","0","3","1","2","0","0","0","0","0","0","9","3","6",,,,,"-2"
"230959","Middlebury College","2022","Full-time students, Graduate","2","1","1","0","0","0","0","0","0","0","0","0","0","0","0","0","0","0","2","1","1","0","0","0","0","0","0","0","0","0",,,,,"-2"
"230959","Middlebury College","2022","Full-time students, Undergraduate, Other degree/certificatee-seeking, Transfer-ins","6","3","3","0","0","0","1","0","1","0","0","0","0","0","0","0","0","0","2","1","1","1","1","0","0","0","0","2","1","1",,,,,"-2"
"230959","Middlebury College","2022","Full-time students, Undergraduate, Other degree/certificatee-seeking, Continuing","2091","986","1105","2","1","1","146","68","78","99","47","52","223","97","126","0","0","0","1231","594","637","138","58","80","13","7","6","239","114","125",,,,,"-2"
"230959","Middlebury College","2022","Part-time students total","93","18","75","0","0","0","0","0","0","0","0","0","1","0","1","0","0","0","40","8","32","0","0","0","19","1","18","33","9","24",,,,,"-2"
"230959","Middlebury College","2022","Part-time students, Undergraduate total","25","9","16","0","0","0","0","0","0","0","0","0","1","0","1","0","0","0","15","6","9","0","0","0","0","0","0","9","3","6",,,,,"-2"
"230959","Middlebury College","2022","Part-time students, Undergraduate, Degree/certificate-seeking total","15","6","9","0","0","0","0","0","0","0","0","0","1","0","1","0","0","0","14","6","8","0","0","0","0","0","0","0","0","0",,,,,"-2"
"230959","Middlebury College","2022","Part-time students, Undergraduate, Degree/certificate-seeking, Other degree/certificate-seeking","15","6","9","0","0","0","0","0","0","0","0","0","1","0","1","0","0","0","14","6","8","0","0","0","0","0","0","0","0","0",,,,,"-2"
"230959","Middlebury College","2022","Part-time students, Undergraduate, Non-degree/certificate-seeking","10","3","7","0","0","0","0","0","0","0","0","0","0","0","0","0","0","0","1","0","1","0","0","0","0","0","0","9","3","6",,,,,"-2"
"230959","Middlebury College","2022","Part-time students, Graduate","68","9","59","0","0","0","0","0","0","0","0","0","0","0","0","0","0","0","25","2","23","0","0","0","19","1","18","24","6","18",,,,,"-2"
"230959","Middlebury College","2022","Part-time students, Undergraduate, Other degree/certificatee-seeking, Continuing","15","6","9","0","0","0","0","0","0","0","0","0","1","0","1","0","0","0","14","6","8","0","0","0","0","0","0","0","0","0",,,,,"-2"
"232946","Northern Virginia Community College","2022","All students total","51896","24984","26912","129","69","60","8582","4167","4415","7013","3254","3759","11704","5252","6452","126","67","59","17152","8681","8471","2667","1289","1378","2375","1258","1117","2148","947","1201","764",,"764","51132","-2"
"232946","Northern Virginia Community College","2022","All students, Undergraduate total","51896","24984","26912","129","69","60","8582","4167","4415","7013","3254","3759","11704","5252","6452","126","67","59","17152","8681","8471","2667","1289","1378","2375","1258","1117","2148","947","1201","764",,"764","51132","-2"
"232946","Northern Virginia Community College","2022","All students, Undergraduate, Degree/certificate-seeking total","32211","15661","16550","90","49","41","4837","2373","2464","5197","2528","2669","8784","3941","4843","90","49","41","8884","4675","4209","1445","713","732","1349","684","665","1535","649","886",,,,,"-2"
"232946","Northern Virginia Community College","2022","All students, Undergraduate, Degree/certificate-seeking, First-time","8738","4568","4170","21","16","5","1258","674","584","1307","712","595","2731","1309","1422","19","9","10","2207","1255","952","370","188","182","410","224","186","415","181","234",,,,,"-2"
"232946","Northern Virginia Community College","2022","All students, Undergraduate, Other degree/certificate-seeking","23473","11093","12380","69","33","36","3579","1699","1880","3890","1816","2074","6053","2632","3421","71","40","31","6677","3420","3257","1075","525","550","939","460","479","1120","468","652",,,,,"-2"
"232946","Northern Virginia Community College","2022","All students, Undergraduate, Non-degree/certificate-seeking","19685","9323","10362","39","20","19","3745","1794","1951","1816","726","1090","2920","1311","1609","36","18","18","8268","4006","4262","1222","576","646","1026","574","452","613","298","315",,,,,"-2"
"232946","Northern Virginia Community College","2022","All students, Undergraduate, Other degree/certificatee-seeking, Transfer-ins","1410","641","769","3","2","1","158","65","93","323","143","180","243","107","136","5","2","3","432","217","215","78","38","40","67","32","35","101","35","66",,,,,"-2"
"232946","Northern Virginia Community College","2022","All students, Undergraduate, Other degree/certificatee-seeking, Continuing","22063","10452","11611","66","31","35","3421","1634","1787","3567","1673","1894","5810","2525","3285","66","38","28","6245","3203","3042","997","487","510","872","428","444","1019","433","586",,,,,"-2"
"232946","Northern Virginia Community College","2022","Full-time students total","13327","6928","6399","22","16","6","2299","1216","1083","1953","1013","940","3417","1637","1780","34","18","16","3593","2033","1560","634","324","310","577","312","265","798","359","439",,,,,"-2"
"232946","Northern Virginia Community College","2022","Full-time students, Undergraduate total","13327","6928","6399","22","16","6","2299","1216","1083","1953","1013","940","3417","1637","1780","34","18","16","3593","2033","1560","634","324","310","577","312","265","798","359","439",,,,,"-2"
"232946","Northern Virginia Community College","2022","Full-time students, Undergraduate, Degree/certificate-seeking total","12533","6476","6057","22","16","6","2185","1144","1041","1896","993","903","3310","1579","1731","33","18","15","3227","1823","1404","578","294","284","536","287","249","746","322","424",,,,,"-2"
"232946","Northern Virginia Community College","2022","Full-time students, Undergraduate, Degree/certificate-seeking, First-time","4817","2620","2197","11","10","1","810","457","353","718","402","316","1444","714","730","8","2","6","1156","691","465","217","118","99","205","118","87","248","108","140",,,,,"-2"
"232946","Northern Virginia Community College","2022","Full-time students, Undergraduate, Degree/certificate-seeking, Other degree/certificate-seeking","7716","3856","3860","11","6","5","1375","687","688","1178","591","587","1866","865","1001","25","16","9","2071","1132","939","361","176","185","331","169","162","498","214","284",,,,,"-2"
"232946","Northern Virginia Community College","2022","Full-time students, Undergraduate, Non-degree/certificate-seeking","794","452","342","0","0","0","114","72","42","57","20","37","107","58","49","1","0","1","366","210","156","56","30","26","41","25","16","52","37","15",,,,,"-2"
"232946","Northern Virginia Community College","2022","Full-time students, Undergraduate, Other degree/certificatee-seeking, Transfer-ins","548","270","278","1","0","1","56","22","34","136","67","69","97","43","54","0","0","0","142","84","58","31","16","15","17","11","6","68","27","41",,,,,"-2"
"232946","Northern Virginia Community College","2022","Full-time students, Undergraduate, Other degree/certificatee-seeking, Continuing","7168","3586","3582","10","6","4","1319","665","654","1042","524","518","1769","822","947","25","16","9","1929","1048","881","330","160","170","314","158","156","430","187","243",,,,,"-2"
"232946","Northern Virginia Community College","2022","Part-time students total","38569","18056","20513","107","53","54","6283","2951","3332","5060","2241","2819","8287","3615","4672","92","49","43","13559","6648","6911","2033","965","1068","1798","946","852","1350","588","762",,,,,"-2"
"232946","Northern Virginia Community College","2022","Part-time students, Undergraduate total","38569","18056","20513","107","53","54","6283","2951","3332","5060","2241","2819","8287","3615","4672","92","49","43","13559","6648","6911","2033","965","1068","1798","946","852","1350","588","762",,,,,"-2"
"232946","Northern Virginia Community College","2022","Part-time students, Undergraduate, Degree/certificate-seeking total","19678","9185","10493","68","33","35","2652","1229","1423","3301","1535","1766","5474","2362","3112","57","31","26","5657","2852","2805","867","419","448","813","397","416","789","327","462",,,,,"-2"
"232946","Northern Virginia Community College","2022","Part-time students, Undergraduate, Degree/certificate-seeking, First-time","3921","1948","1973","10","6","4","448","217","231","589","310","279","1287","595","692","11","7","4","1051","564","487","153","70","83","205","106","99","167","73","94",,,,,"-2"
"232946","Northern Virginia Community College","2022","Part-time students, Undergraduate, Degree/certificate-seeking, Other degree/certificate-seeking","15757","7237","8520","58","27","31","2204","1012","1192","2712","1225","1487","4187","1767","2420","46","24","22","4606","2288","2318","714","349","365","608","291","317","622","254","368",,,,,"-2"
"232946","Northern Virginia Community College","2022","Part-time students, Undergraduate, Non-degree/certificate-seeking","18891","8871","10020","39","20","19","3631","1722","1909","1759","706","1053","2813","1253","1560","35","18","17","7902","3796","4106","1166","546","620","985","549","436","561","261","300",,,,,"-2"
"232946","Northern Virginia Community College","2022","Part-time students, Undergraduate, Other degree/certificatee-seeking, Transfer-ins","862","371","491","2","2","0","102","43","59","187","76","111","146","64","82","5","2","3","290","133","157","47","22","25","50","21","29","33","8","25",,,,,"-2"
"232946","Northern Virginia Community College","2022","Part-time students, Undergraduate, Other degree/certificatee-seeking, Continuing","14895","6866","8029","56","25","31","2102","969","1133","2525","1149","1376","4041","1703","2338","41","22","19","4316","2155","2161","667","327","340","558","270","288","589","246","343",,,,,"-2"
"233374","University of Richmond","2022","All students total","3876","1738","2138","10","6","4","235","86","149","267","96","171","361","140","221","1","0","1","2337","1098","1239","159","71","88","124","60","64","382","181","201","0",,"0","3876","-2"
"233374","University of Richmond","2022","All students, Undergraduate total","3145","1451","1694","7","5","2","200","79","121","200","74","126","312","120","192","1","0","1","1852","897","955","138","63","75","71","42","29","364","171","193","0",,"0","3145","-2"
"233374","University of Richmond","2022","All students, Undergraduate, Degree/certificate-seeking total","3069","1419","1650","7","5","2","200","79","121","198","74","124","311","120","191","1","0","1","1844","892","952","138","63","75","69","41","28","301","145","156",,,,,"-2"
"233374","University of Richmond","2022","All students, Undergraduate, Degree/certificate-seeking, First-time","851","384","467","2","1","1","48","22","26","48","15","33","83","30","53","0","0","0","533","241","292","43","23","20","14","10","4","80","42","38",,,,,"-2"
"233374","University of Richmond","2022","All students, Undergraduate, Other degree/certificate-seeking","2218","1035","1183","5","4","1","152","57","95","150","59","91","228","90","138","1","0","1","1311","651","660","95","40","55","55","31","24","221","103","118",,,,,"-2"
"233374","University of Richmond","2022","All students, Undergraduate, Non-degree/certificate-seeking","76","32","44","0","0","0","0","0","0","2","0","2","1","0","1","0","0","0","8","5","3","0","0","0","2","1","1","63","26","37",,,,,"-2"
"233374","University of Richmond","2022","All students, Graduate","731","287","444","3","1","2","35","7","28","67","22","45","49","20","29","0","0","0","485","201","284","21","8","13","53","18","35","18","10","8","0",,"0","731","-2"
"233374","University of Richmond","2022","All students, Undergraduate, Other degree/certificatee-seeking, Transfer-ins","92","42","50","1","1","0","3","1","2","4","1","3","6","5","1","0","0","0","68","32","36","1","0","1","5","2","3","4","0","4",,,,,"-2"
"233374","University of Richmond","2022","All students, Undergraduate, Other degree/certificatee-seeking, Continuing","2126","993","1133","4","3","1","149","56","93","146","58","88","222","85","137","1","0","1","1243","619","624","94","40","54","50","29","21","217","103","114",,,,,"-2"
"233374","University of Richmond","2022","Full-time students total","3495","1597","1898","6","4","2","224","83","141","201","77","124","355","139","216","1","0","1","2105","1000","1105","157","69","88","72","47","25","374","178","196",,,,,"-2"
"233374","University of Richmond","2022","Full-time students, Undergraduate total","3019","1397","1622","6","4","2","196","76","120","177","69","108","309","119","190","1","0","1","1773","860","913","136","61","75","63","39","24","358","169","189",,,,,"-2"
"233374","University of Richmond","2022","Full-time students, Undergraduate, Degree/certificate-seeking total","2953","1368","1585","6","4","2","196","76","120","177","69","108","309","119","190","1","0","1","1770","858","912","136","61","75","62","38","24","296","143","153",,,,,"-2"
"233374","University of Richmond","2022","Full-time students, Undergraduate, Degree/certificate-seeking, First-time","850","383","467","2","1","1","48","22","26","48","15","33","83","30","53","0","0","0","533","241","292","43","23","20","14","10","4","79","41","38",,,,,"-2"
"233374","University of Richmond","2022","Full-time students, Undergraduate, Degree/certificate-seeking, Other degree/certificate-seeking","2103","985","1118","4","3","1","148","54","94","129","54","75","226","89","137","1","0","1","1237","617","620","93","38","55","48","28","20","217","102","115",,,,,"-2"
"233374","University of Richmond","2022","Full-time students, Undergraduate, Non-degree/certificate-seeking","66","29","37","0","0","0","0","0","0","0","0","0","0","0","0","0","0","0","3","2","1","0","0","0","1","1","0","62","26","36",,,,,"-2"
"233374","University of Richmond","2022","Full-time students, Graduate","476","200","276","0","0","0","28","7","21","24","8","16","46","20","26","0","0","0","332","140","192","21","8","13","9","8","1","16","9","7",,,,,"-2"
"233374","University of Richmond","2022","Full-time students, Undergraduate, Other degree/certificatee-seeking, Transfer-ins","60","28","32","0","0","0","2","1","1","0","0","0","6","5","1","0","0","0","46","22","24","1","0","1","1","0","1","4","0","4",,,,,"-2"
"233374","University of Richmond","2022","Full-time students, Undergraduate, Other degree/certificatee-seeking, Continuing","2043","957","1086","4","3","1","146","53","93","129","54","75","220","84","136","1","0","1","1191","595","596","92","38","54","47","28","19","213","102","111",,,,,"-2"
"233374","University of Richmond","2022","Part-time students total","381","141","240","4","2","2","11","3","8","66","19","47","6","1","5","0","0","0","232","98","134","2","2","0","52","13","39","8","3","5",,,,,"-2"
"233374","University of Richmond","2022","Part-time students, Undergraduate total","126","54","72","1","1","0","4","3","1","23","5","18","3","1","2","0","0","0","79","37","42","2","2","0","8","3","5","6","2","4",,,,,"-2"
"233374","University of Richmond","2022","Part-time students, Undergraduate, Degree/certificate-seeking total","116","51","65","1","1","0","4","3","1","21","5","16","2","1","1","0","0","0","74","34","40","2","2","0","7","3","4","5","2","3",,,,,"-2"
"233374","University of Richmond","2022","Part-time students, Undergraduate, Degree/certificate-seeking, First-time","1","1","0","0","0","0","0","0","0","0","0","0","0","0","0","0","0","0","0","0","0","0","0","0","0","0","0","1","1","0",,,,,"-2"
"233374","University of Richmond","2022","Part-time students, Undergraduate, Degree/certificate-seeking, Other degree/certificate-seeking","115","50","65","1","1","0","4","3","1","21","5","16","2","1","1","0","0","0","74","34","40","2","2","0","7","3","4","4","1","3",,,,,"-2"
"233374","University of Richmond","2022","Part-time students, Undergraduate, Non-degree/certificate-seeking","10","3","7","0","0","0","0","0","0","2","0","2","1","0","1","0","0","0","5","3","2","0","0","0","1","0","1","1","0","1",,,,,"-2"
"233374","University of Richmond","2022","Part-time students, Graduate","255","87","168","3","1","2","7","0","7","43","14","29","3","0","3","0","0","0","153","61","92","0","0","0","44","10","34","2","1","1",,,,,"-2"
"233374","University of Richmond","2022","Part-time students, Undergraduate, Other degree/certificatee-seeking, Transfer-ins","32","14","18","1","1","0","1","0","1","4","1","3","0","0","0","0","0","0","22","10","12","0","0","0","4","2","2","0","0","0",,,,,"-2"
"233374","University of Richmond","2022","Part-time students, Undergraduate, Other degree/certificatee-seeking, Continuing","83","36","47","0","0","0","3","3","0","17","4","13","2","1","1","0","0","0","52","24","28","2","2","0","3","1","2","4","1","3",,,,,"-2"
"236939","Washington State University","2022","All students total","27539","12687","14852","166","56","110","2010","962","1048","771","388","383","4113","1672","2441","138","62","76","16190","7435","8755","1919","856","1063","709","393","316","1523","863","660","0",,"0","27539","-2"
"236939","Washington State University","2022","All students, Undergraduate total","22612","10593","12019","140","47","93","1599","812","787","634","320","314","3720","1511","2209","129","59","70","13431","6321","7110","1684","773","911","541","316","225","734","434","300","0",,"0","22612","-2"
"236939","Washington State University","2022","All students, Undergraduate, Degree/certificate-seeking total","22265","10454","11811","140","47","93","1582","808","774","630","318","312","3672","1494","2178","129","59","70","13257","6252","7005","1671","770","901","484","282","202","700","424","276",,,,,"-2"
"236939","Washington State University","2022","All students, Undergraduate, Degree/certificate-seeking, First-time","3991","1887","2104","27","8","19","299","147","152","131","73","58","724","278","446","33","15","18","2297","1124","1173","325","153","172","95","57","38","60","32","28",,,,,"-2"
"236939","Washington State University","2022","All students, Undergraduate, Other degree/certificate-seeking","18274","8567","9707","113","39","74","1283","661","622","499","245","254","2948","1216","1732","96","44","52","10960","5128","5832","1346","617","729","389","225","164","640","392","248",,,,,"-2"
"236939","Washington State University","2022","All students, Undergraduate, Non-degree/certificate-seeking","347","139","208","0","0","0","17","4","13","4","2","2","48","17","31","0","0","0","174","69","105","13","3","10","57","34","23","34","10","24",,,,,"-2"
"236939","Washington State University","2022","All students, Graduate","4927","2094","2833","26","9","17","411","150","261","137","68","69","393","161","232","9","3","6","2759","1114","1645","235","83","152","168","77","91","789","429","360","0",,"0","4927","-2"
"236939","Washington State University","2022","All students, Undergraduate, Other degree/certificatee-seeking, Transfer-ins","2010","930","1080","24","6","18","135","71","64","80","43","37","341","136","205","12","6","6","1160","545","615","149","65","84","50","31","19","59","27","32",,,,,"-2"
"236939","Washington State University","2022","All students, Undergraduate, Other degree/certificatee-seeking, Continuing","16264","7637","8627","89","33","56","1148","590","558","419","202","217","2607","1080","1527","84","38","46","9800","4583","5217","1197","552","645","339","194","145","581","365","216",,,,,"-2"
"236939","Washington State University","2022","Full-time students total","23128","10732","12396","137","47","90","1670","813","857","605","319","286","3541","1432","2109","123","57","66","13472","6223","7249","1666","768","898","545","299","246","1369","774","595",,,,,"-2"
"236939","Washington State University","2022","Full-time students, Undergraduate total","19812","9396","10416","123","43","80","1402","721","681","542","286","256","3302","1346","1956","118","56","62","11726","5580","6146","1511","716","795","436","256","180","652","392","260",,,,,"-2"
"236939","Washington State University","2022","Full-time students, Undergraduate, Degree/certificate-seeking total","19735","9371","10364","123","43","80","1398","721","677","542","286","256","3295","1345","1950","118","56","62","11703","5570","6133","1510","716","794","428","252","176","618","382","236",,,,,"-2"
"236939","Washington State University","2022","Full-time students, Undergraduate, Degree/certificate-seeking, First-time","3897","1845","2052","26","8","18","294","144","150","125","70","55","704","271","433","33","15","18","2242","1097","1145","321","152","169","93","56","37","59","32","27",,,,,"-2"
"236939","Washington State University","2022","Full-time students, Undergraduate, Degree/certificate-seeking, Other degree/certificate-seeking","15838","7526","8312","97","35","62","1104","577","527","417","216","201","2591","1074","1517","85","41","44","9461","4473","4988","1189","564","625","335","196","139","559","350","209",,,,,"-2"
"236939","Washington State University","2022","Full-time students, Undergraduate, Non-degree/certificate-seeking","77","25","52","0","0","0","4","0","4","0","0","0","7","1","6","0","0","0","23","10","13","1","0","1","8","4","4","34","10","24",,,,,"-2"
"236939","Washington State University","2022","Full-time students, Graduate","3316","1336","1980","14","4","10","268","92","176","63","33","30","239","86","153","5","1","4","1746","643","1103","155","52","103","109","43","66","717","382","335",,,,,"-2"
"236939","Washington State University","2022","Full-time students, Undergraduate, Other degree/certificatee-seeking, Transfer-ins","1675","805","870","22","5","17","115","65","50","65","39","26","282","113","169","11","6","5","959","463","496","129","60","69","46","28","18","46","26","20",,,,,"-2"
"236939","Washington State University","2022","Full-time students, Undergraduate, Other degree/certificatee-seeking, Continuing","14163","6721","7442","75","30","45","989","512","477","352","177","175","2309","961","1348","74","35","39","8502","4010","4492","1060","504","556","289","168","121","513","324","189",,,,,"-2"
"236939","Washington State University","2022","Part-time students total","4411","1955","2456","29","9","20","340","149","191","166","69","97","572","240","332","15","5","10","2718","1212","1506","253","88","165","164","94","70","154","89","65",,,,,"-2"
"236939","Washington State University","2022","Part-time students, Undergraduate total","2800","1197","1603","17","4","13","197","91","106","92","34","58","418","165","253","11","3","8","1705","741","964","173","57","116","105","60","45","82","42","40",,,,,"-2"
"236939","Washington State University","2022","Part-time students, Undergraduate, Degree/certificate-seeking total","2530","1083","1447","17","4","13","184","87","97","88","32","56","377","149","228","11","3","8","1554","682","872","161","54","107","56","30","26","82","42","40",,,,,"-2"
"236939","Washington State University","2022","Part-time students, Undergraduate, Degree/certificate-seeking, First-time","94","42","52","1","0","1","5","3","2","6","3","3","20","7","13","0","0","0","55","27","28","4","1","3","2","1","1","1","0","1",,,,,"-2"
"236939","Washington State University","2022","Part-time students, Undergraduate, Degree/certificate-seeking, Other degree/certificate-seeking","2436","1041","1395","16","4","12","179","84","95","82","29","53","357","142","215","11","3","8","1499","655","844","157","53","104","54","29","25","81","42","39",,,,,"-2"
"236939","Washington State University","2022","Part-time students, Undergraduate, Non-degree/certificate-seeking","270","114","156","0","0","0","13","4","9","4","2","2","41","16","25","0","0","0","151","59","92","12","3","9","49","30","19","0","0","0",,,,,"-2"
"236939","Washington State University","2022","Part-time students, Graduate","1611","758","853","12","5","7","143","58","85","74","35","39","154","75","79","4","2","2","1013","471","542","80","31","49","59","34","25","72","47","25",,,,,"-2"
"236939","Washington State University","2022","Part-time students, Undergraduate, Other degree/certificatee-seeking, Transfer-ins","335","125","210","2","1","1","20","6","14","15","4","11","59","23","36","1","0","1","201","82","119","20","5","15","4","3","1","13","1","12",,,,,"-2"
"236939","Washington State University","2022","Part-time students, Undergraduate, Other degree/certificatee-seeking, Continuing","2101","916","1185","14","3","11","159","78","81","67","25","42","298","119","179","10","3","7","1298","573","725","137","48","89","50","26","24","68","41","27",,,,,"-2"
"236948","University of Washington-Seattle Campus","2022","All students total","52319","24831","27488","189","61","128","11316","4808","6508","1736","691","1045","4345","1700","2645","134","51","83","17458","7495","9963","3196","1247","1949","5746","4652","1094","8199","4126","4073","4143",,"4143","48176","-2"
"236948","University of Washington-Seattle Campus","2022","All students, Undergraduate total","36213","17831","18382","103","37","66","8821","3839","4982","1163","463","700","3073","1159","1914","105","45","60","10747","4629","6118","2402","943","1459","5333","4465","868","4466","2251","2215","3815",,"3815","32398","-2"
"236948","University of Washington-Seattle Campus","2022","All students, Undergraduate, Degree/certificate-seeking total","30931","13366","17565","100","36","64","8510","3690","4820","1113","439","674","2964","1118","1846","95","40","55","10615","4573","6042","2390","934","1456","863","374","489","4281","2162","2119",,,,,"-2"
"236948","University of Washington-Seattle Campus","2022","All students, Undergraduate, Degree/certificate-seeking, First-time","7386","3030","4356","26","10","16","2122","870","1252","260","93","167","686","260","426","19","7","12","2346","946","1400","571","211","360","315","139","176","1041","494","547",,,,,"-2"
"236948","University of Washington-Seattle Campus","2022","All students, Undergraduate, Other degree/certificate-seeking","23545","10336","13209","74","26","48","6388","2820","3568","853","346","507","2278","858","1420","76","33","43","8269","3627","4642","1819","723","1096","548","235","313","3240","1668","1572",,,,,"-2"
"236948","University of Washington-Seattle Campus","2022","All students, Undergraduate, Non-degree/certificate-seeking","5282","4465","817","3","1","2","311","149","162","50","24","26","109","41","68","10","5","5","132","56","76","12","9","3","4470","4091","379","185","89","96",,,,,"-2"
"236948","University of Washington-Seattle Campus","2022","All students, Graduate","16106","7000","9106","86","24","62","2495","969","1526","573","228","345","1272","541","731","29","6","23","6711","2866","3845","794","304","490","413","187","226","3733","1875","1858","328",,"328","15778","-2"
"236948","University of Washington-Seattle Campus","2022","All students, Undergraduate, Other degree/certificatee-seeking, Transfer-ins","1420","655","765","2","1","1","283","135","148","89","35","54","190","77","113","4","2","2","561","270","291","113","36","77","31","17","14","147","82","65",,,,,"-2"
"236948","University of Washington-Seattle Campus","2022","All students, Undergraduate, Other degree/certificatee-seeking, Continuing","22125","9681","12444","72","25","47","6105","2685","3420","764","311","453","2088","781","1307","72","31","41","7708","3357","4351","1706","687","1019","517","218","299","3093","1586","1507",,,,,"-2"
"236948","University of Washington-Seattle Campus","2022","Full-time students total","42432","18204","24228","152","52","100","9896","4115","5781","1504","586","918","3834","1475","2359","113","42","71","15132","6411","8721","2866","1097","1769","1170","516","654","7765","3910","3855",,,,,"-2"
"236948","University of Washington-Seattle Campus","2022","Full-time students, Undergraduate total","29226","12560","16666","82","32","50","7934","3395","4539","1039","404","635","2818","1058","1760","87","37","50","9791","4176","5615","2231","861","1370","866","384","482","4378","2213","2165",,,,,"-2"
"236948","University of Washington-Seattle Campus","2022","Full-time students, Undergraduate, Degree/certificate-seeking total","28978","12422","16556","82","32","50","7932","3394","4538","1039","404","635","2817","1058","1759","87","37","50","9788","4173","5615","2231","861","1370","803","337","466","4199","2126","2073",,,,,"-2"
"236948","University of Washington-Seattle Campus","2022","Full-time students, Undergraduate, Degree/certificate-seeking, First-time","7311","3000","4311","26","10","16","2100","865","1235","255","91","164","681","258","423","19","7","12","2315","931","1384","568","209","359","310","136","174","1037","493","544",,,,,"-2"
"236948","University of Washington-Seattle Campus","2022","Full-time students, Undergraduate, Degree/certificate-seeking, Other degree/certificate-seeking","21667","9422","12245","56","22","34","5832","2529","3303","784","313","471","2136","800","1336","68","30","38","7473","3242","4231","1663","652","1011","493","201","292","3162","1633","1529",,,,,"-2"
"236948","University of Washington-Seattle Campus","2022","Full-time students, Undergraduate, Non-degree/certificate-seeking","248","138","110","0","0","0","2","1","1","0","0","0","1","0","1","0","0","0","3","3","0","0","0","0","63","47","16","179","87","92",,,,,"-2"
"236948","University of Washington-Seattle Campus","2022","Full-time students, Graduate","13206","5644","7562","70","20","50","1962","720","1242","465","182","283","1016","417","599","26","5","21","5341","2235","3106","635","236","399","304","132","172","3387","1697","1690",,,,,"-2"
"236948","University of Washington-Seattle Campus","2022","Full-time students, Undergraduate, Other degree/certificatee-seeking, Transfer-ins","1261","582","679","1","1","0","251","118","133","79","31","48","166","68","98","3","2","1","493","238","255","99","32","67","23","11","12","146","81","65",,,,,"-2"
"236948","University of Washington-Seattle Campus","2022","Full-time students, Undergraduate, Other degree/certificatee-seeking, Continuing","20406","8840","11566","55","21","34","5581","2411","3170","705","282","423","1970","732","1238","65","28","37","6980","3004","3976","1564","620","944","470","190","280","3016","1552","1464",,,,,"-2"
"236948","University of Washington-Seattle Campus","2022","Part-time students total","9887","6627","3260","37","9","28","1420","693","727","232","105","127","511","225","286","21","9","12","2326","1084","1242","330","150","180","4576","4136","440","434","216","218",,,,,"-2"
"236948","University of Washington-Seattle Campus","2022","Part-time students, Undergraduate total","6987","5271","1716","21","5","16","887","444","443","124","59","65","255","101","154","18","8","10","956","453","503","171","82","89","4467","4081","386","88","38","50",,,,,"-2"
"236948","University of Washington-Seattle Campus","2022","Part-time students, Undergraduate, Degree/certificate-seeking total","1953","944","1009","18","4","14","578","296","282","74","35","39","147","60","87","8","3","5","827","400","427","159","73","86","60","37","23","82","36","46",,,,,"-2"
"236948","University of Washington-Seattle Campus","2022","Part-time students, Undergraduate, Degree/certificate-seeking, First-time","75","30","45","0","0","0","22","5","17","5","2","3","5","2","3","0","0","0","31","15","16","3","2","1","5","3","2","4","1","3",,,,,"-2"
"236948","University of Washington-Seattle Campus","2022","Part-time students, Undergraduate, Degree/certificate-seeking, Other degree/certificate-seeking","1878","914","964","18","4","14","556","291","265","69","33","36","142","58","84","8","3","5","796","385","411","156","71","85","55","34","21","78","35","43",,,,,"-2"
"236948","University of Washington-Seattle Campus","2022","Part-time students, Undergraduate, Non-degree/certificate-seeking","5034","4327","707","3","1","2","309","148","161","50","24","26","108","41","67","10","5","5","129","53","76","12","9","3","4407","4044","363","6","2","4",,,,,"-2"
"236948","University of Washington-Seattle Campus","2022","Part-time students, Graduate","2900","1356","1544","16","4","12","533","249","284","108","46","62","256","124","132","3","1","2","1370","631","739","159","68","91","109","55","54","346","178","168",,,,,"-2"
"236948","University of Washington-Seattle Campus","2022","Part-time students, Undergraduate, Other degree/certificatee-seeking, Transfer-ins","159","73","86","1","0","1","32","17","15","10","4","6","24","9","15","1","0","1","68","32","36","14","4","10","8","6","2","1","1","0",,,,,"-2"
"236948","University of Washington-Seattle Campus","2022","Part-time students, Undergraduate, Other degree/certificatee-seeking, Continuing","1719","841","878","17","4","13","524","274","250","59","29","30","118","49","69","7","3","4","728","353","375","142","67","75","47","28","19","77","34","43",,,,,"-2"
"240444","University of Wisconsin-Madison","2022","All students total","48956","22993","25963","120","45","75","4231","2140","2091","1219","519","700","3543","1510","2033","31","12","19","29070","12772","16298","2017","804","1213","1394","769","625","7331","4422","2909","0",,"0","48956","-2"
"240444","University of Wisconsin-Madison","2022","All students, Undergraduate total","36306","17070","19236","84","28","56","3503","1818","1685","884","392","492","2713","1150","1563","25","10","15","22461","9911","12550","1601","645","956","1174","652","522","3861","2464","1397","0",,"0","36306","-2"
"240444","University of Wisconsin-Madison","2022","All students, Undergraduate, Degree/certificate-seeking total","35184","16507","18677","81","27","54","3421","1780","1641","790","349","441","2645","1120","1525","25","10","15","21988","9687","12301","1564","629","935","1152","643","509","3518","2262","1256",,,,,"-2"
"240444","University of Wisconsin-Madison","2022","All students, Undergraduate, Degree/certificate-seeking, First-time","8628","3918","4710","20","6","14","1147","652","495","246","115","131","796","320","476","4","3","1","4902","1985","2917","482","183","299","286","162","124","745","492","253",,,,,"-2"
"240444","University of Wisconsin-Madison","2022","All students, Undergraduate, Other degree/certificate-seeking","26556","12589","13967","61","21","40","2274","1128","1146","544","234","310","1849","800","1049","21","7","14","17086","7702","9384","1082","446","636","866","481","385","2773","1770","1003",,,,,"-2"
"240444","University of Wisconsin-Madison","2022","All students, Undergraduate, Non-degree/certificate-seeking","1122","563","559","3","1","2","82","38","44","94","43","51","68","30","38","0","0","0","473","224","249","37","16","21","22","9","13","343","202","141",,,,,"-2"
"240444","University of Wisconsin-Madison","2022","All students, Graduate","12650","5923","6727","36","17","19","728","322","406","335","127","208","830","360","470","6","2","4","6609","2861","3748","416","159","257","220","117","103","3470","1958","1512","0",,"0","12650","-2"
"240444","University of Wisconsin-Madison","2022","All students, Undergraduate, Other degree/certificatee-seeking, Transfer-ins","1154","595","559","4","0","4","74","32","42","19","9","10","72","35","37","3","0","3","658","316","342","48","17","31","33","26","7","243","160","83",,,,,"-2"
"240444","University of Wisconsin-Madison","2022","All students, Undergraduate, Other degree/certificatee-seeking, Continuing","25402","11994","13408","57","21","36","2200","1096","1104","525","225","300","1777","765","1012","18","7","11","16428","7386","9042","1034","429","605","833","455","378","2530","1610","920",,,,,"-2"
"240444","University of Wisconsin-Madison","2022","Full-time students total","44262","20663","23599","106","38","68","3874","1938","1936","1033","435","598","3217","1373","1844","28","11","17","26180","11382","14798","1867","745","1122","1278","699","579","6679","4042","2637",,,,,"-2"
"240444","University of Wisconsin-Madison","2022","Full-time students, Undergraduate total","33838","15761","18077","76","25","51","3256","1671","1585","752","330","422","2536","1070","1466","22","9","13","20909","9096","11813","1509","609","900","1103","610","493","3675","2341","1334",,,,,"-2"
"240444","University of Wisconsin-Madison","2022","Full-time students, Undergraduate, Degree/certificate-seeking total","33547","15600","17947","76","25","51","3249","1669","1580","750","329","421","2534","1070","1464","22","9","13","20883","9087","11796","1507","607","900","1101","609","492","3425","2195","1230",,,,,"-2"
"240444","University of Wisconsin-Madison","2022","Full-time students, Undergraduate, Degree/certificate-seeking, First-time","8605","3904","4701","20","6","14","1144","649","495","245","114","131","791","318","473","4","3","1","4893","1981","2912","481","183","298","284","160","124","743","490","253",,,,,"-2"
"240444","University of Wisconsin-Madison","2022","Full-time students, Undergraduate, Degree/certificate-seeking, Other degree/certificate-seeking","24942","11696","13246","56","19","37","2105","1020","1085","505","215","290","1743","752","991","18","6","12","15990","7106","8884","1026","424","602","817","449","368","2682","1705","977",,,,,"-2"
"240444","University of Wisconsin-Madison","2022","Full-time students, Undergraduate, Non-degree/certificate-seeking","291","161","130","0","0","0","7","2","5","2","1","1","2","0","2","0","0","0","26","9","17","2","2","0","2","1","1","250","146","104",,,,,"-2"
"240444","University of Wisconsin-Madison","2022","Full-time students, Graduate","10424","4902","5522","30","13","17","618","267","351","281","105","176","681","303","378","6","2","4","5271","2286","2985","358","136","222","175","89","86","3004","1701","1303",,,,,"-2"
"240444","University of Wisconsin-Madison","2022","Full-time students, Undergraduate, Other degree/certificatee-seeking, Transfer-ins","1086","567","519","4","0","4","70","32","38","15","8","7","64","31","33","3","0","3","616","299","317","43","15","28","30","24","6","241","158","83",,,,,"-2"
"240444","University of Wisconsin-Madison","2022","Full-time students, Undergraduate, Other degree/certificatee-seeking, Continuing","23856","11129","12727","52","19","33","2035","988","1047","490","207","283","1679","721","958","15","6","9","15374","6807","8567","983","409","574","787","425","362","2441","1547","894",,,,,"-2"
"240444","University of Wisconsin-Madison","2022","Part-time students total","4694","2330","2364","14","7","7","357","202","155","186","84","102","326","137","189","3","1","2","2890","1390","1500","150","59","91","116","70","46","652","380","272",,,,,"-2"
"240444","University of Wisconsin-Madison","2022","Part-time students, Undergraduate total","2468","1309","1159","8","3","5","247","147","100","132","62","70","177","80","97","3","1","2","1552","815","737","92","36","56","71","42","29","186","123","63",,,,,"-2"
"240444","University of Wisconsin-Madison","2022","Part-time students, Undergraduate, Degree/certificate-seeking total","1637","907","730","5","2","3","172","111","61","40","20","20","111","50","61","3","1","2","1105","600","505","57","22","35","51","34","17","93","67","26",,,,,"-2"
"240444","University of Wisconsin-Madison","2022","Part-time students, Undergraduate, Degree/certificate-seeking, First-time","23","14","9","0","0","0","3","3","0","1","1","0","5","2","3","0","0","0","9","4","5","1","0","1","2","2","0","2","2","0",,,,,"-2"
"240444","University of Wisconsin-Madison","2022","Part-time students, Undergraduate, Degree/certificate-seeking, Other degree/certificate-seeking","1614","893","721","5","2","3","169","108","61","39","19","20","106","48","58","3","1","2","1096","596","500","56","22","34","49","32","17","91","65","26",,,,,"-2"
"240444","University of Wisconsin-Madison","2022","Part-time students, Undergraduate, Non-degree/certificate-seeking","831","402","429","3","1","2","75","36","39","92","42","50","66","30","36","0","0","0","447","215","232","35","14","21","20","8","12","93","56","37",,,,,"-2"
"240444","University of Wisconsin-Madison","2022","Part-time students, Graduate","2226","1021","1205","6","4","2","110","55","55","54","22","32","149","57","92","0","0","0","1338","575","763","58","23","35","45","28","17","466","257","209",,,,,"-2"
"240444","University of Wisconsin-Madison","2022","Part-time students, Undergraduate, Other degree/certificatee-seeking, Transfer-ins","68","28","40","0","0","0","4","0","4","4","1","3","8","4","4","0","0","0","42","17","25","5","2","3","3","2","1","2","2","0",,,,,"-2"
"240444","University of Wisconsin-Madison","2022","Part-time students, Undergraduate, Other degree/certificatee-seeking, Continuing","1546","865","681","5","2","3","165","108","57","35","18","17","98","44","54","3","1","2","1054","579","475","51","20","31","46","30","16","89","63","26",,,,,"-2"
"243744","Stanford University","2022","All students total","18283","9650","8633","84","41","43","3748","1883","1865","1033","490","543","2342","1219","1123","24","11","13","4838","2578","2260","1271","571","700","359","231","128","4584","2626","1958","11",,"11","18272","-2"
"243744","Stanford University","2022","All students, Undergraduate total","8049","3912","4137","70","34","36","2073","1016","1057","653","312","341","1482","732","750","18","7","11","2034","1008","1026","812","357","455","19","11","8","888","435","453","3",,"3","8046","-2"
"243744","Stanford University","2022","All students, Undergraduate, Degree/certificate-seeking total","7761","3744","4017","68","32","36","2045","999","1046","572","264","308","1364","662","702","18","7","11","2009","993","1016","778","341","437","19","11","8","888","435","453",,,,,"-2"
"243744","Stanford University","2022","All students, Undergraduate, Degree/certificate-seeking, First-time","1733","792","941","17","8","9","505","230","275","126","49","77","289","126","163","5","4","1","381","186","195","172","71","101","5","1","4","233","117","116",,,,,"-2"
"243744","Stanford University","2022","All students, Undergraduate, Other degree/certificate-seeking","6028","2952","3076","51","24","27","1540","769","771","446","215","231","1075","536","539","13","3","10","1628","807","821","606","270","336","14","10","4","655","318","337",,,,,"-2"
"243744","Stanford University","2022","All students, Undergraduate, Non-degree/certificate-seeking","288","168","120","2","2","0","28","17","11","81","48","33","118","70","48","0","0","0","25","15","10","34","16","18","0","0","0","0","0","0",,,,,"-2"
"243744","Stanford University","2022","All students, Graduate","10234","5738","4496","14","7","7","1675","867","808","380","178","202","860","487","373","6","4","2","2804","1570","1234","459","214","245","340","220","120","3696","2191","1505","8",,"8","10226","-2"
"243744","Stanford University","2022","All students, Undergraduate, Other degree/certificatee-seeking, Transfer-ins","46","28","18","0","0","0","5","3","2","2","1","1","13","7","6","0","0","0","16","12","4","6","3","3","0","0","0","4","2","2",,,,,"-2"
"243744","Stanford University","2022","All students, Undergraduate, Other degree/certificatee-seeking, Continuing","5982","2924","3058","51","24","27","1535","766","769","444","214","230","1062","529","533","13","3","10","1612","795","817","600","267","333","14","10","4","651","316","335",,,,,"-2"
"243744","Stanford University","2022","Full-time students total","16992","8802","8190","82","39","43","3587","1777","1810","937","436","501","2187","1123","1064","23","10","13","4638","2444","2194","1217","545","672","163","89","74","4158","2339","1819",,,,,"-2"
"243744","Stanford University","2022","Full-time students, Undergraduate total","7761","3744","4017","68","32","36","2045","999","1046","572","264","308","1364","662","702","18","7","11","2009","993","1016","778","341","437","19","11","8","888","435","453",,,,,"-2"
"243744","Stanford University","2022","Full-time students, Undergraduate, Degree/certificate-seeking total","7761","3744","4017","68","32","36","2045","999","1046","572","264","308","1364","662","702","18","7","11","2009","993","1016","778","341","437","19","11","8","888","435","453",,,,,"-2"
"243744","Stanford University","2022","Full-time students, Undergraduate, Degree/certificate-seeking, First-time","1733","792","941","17","8","9","505","230","275","126","49","77","289","126","163","5","4","1","381","186","195","172","71","101","5","1","4","233","117","116",,,,,"-2"
"243744","Stanford University","2022","Full-time students, Undergraduate, Degree/certificate-seeking, Other degree/certificate-seeking","6028","2952","3076","51","24","27","1540","769","771","446","215","231","1075","536","539","13","3","10","1628","807","821","606","270","336","14","10","4","655","318","337",,,,,"-2"
"243744","Stanford University","2022","Full-time students, Graduate","9231","5058","4173","14","7","7","1542","778","764","365","172","193","823","461","362","5","3","2","2629","1451","1178","439","204","235","144","78","66","3270","1904","1366",,,,,"-2"
"243744","Stanford University","2022","Full-time students, Undergraduate, Other degree/certificatee-seeking, Transfer-ins","46","28","18","0","0","0","5","3","2","2","1","1","13","7","6","0","0","0","16","12","4","6","3","3","0","0","0","4","2","2",,,,,"-2"
"243744","Stanford University","2022","Full-time students, Undergraduate, Other degree/certificatee-seeking, Continuing","5982","2924","3058","51","24","27","1535","766","769","444","214","230","1062","529","533","13","3","10","1612","795","817","600","267","333","14","10","4","651","316","335",,,,,"-2"
"243744","Stanford University","2022","Part-time students total","1291","848","443","2","2","0","161","106","55","96","54","42","155","96","59","1","1","0","200","134","66","54","26","28","196","142","54","426","287","139",,,,,"-2"
"243744","Stanford University","2022","Part-time students, Undergraduate total","288","168","120","2","2","0","28","17","11","81","48","33","118","70","48","0","0","0","25","15","10","34","16","18","0","0","0","0","0","0",,,,,"-2"
"243744","Stanford University","2022","Part-time students, Undergraduate, Non-degree/certificate-seeking","288","168","120","2","2","0","28","17","11","81","48","33","118","70","48","0","0","0","25","15","10","34","16","18","0","0","0","0","0","0",,,,,"-2"
"243744","Stanford University","2022","Part-time students, Graduate","1003","680","323","0","0","0","133","89","44","15","6","9","37","26","11","1","1","0","175","119","56","20","10","10","196","142","54","426","287","139",,,,,"-2"
"366711","California State University-San Marcos","2022","All students total","15109","5955","9154","36","12","24","1477","676","801","528","248","280","7581","2666","4915","44","15","29","3881","1646","2235","834","343","491","496","236","260","232","113","119","1397","96","1493","13616","-2"
"366711","California State University-San Marcos","2022","All students, Undergraduate total","13914","5620","8294","34","12","22","1357","641","716","488","234","254","7122","2573","4549","40","14","26","3510","1533","1977","768","320","448","441","218","223","154","75","79","1276","89","1365","12549","-2"
"366711","California State University-San Marcos","2022","All students, Undergraduate, Degree/certificate-seeking total","13844","5600","8244","34","12","22","1354","640","714","487","233","254","7099","2568","4531","40","14","26","3503","1531","1972","764","319","445","437","215","222","126","68","58",,,,,"-2"
"366711","California State University-San Marcos","2022","All students, Undergraduate, Degree/certificate-seeking, First-time","2551","1106","1445","7","1","6","199","111","88","96","44","52","1447","598","849","5","2","3","570","251","319","162","71","91","51","23","28","14","5","9",,,,,"-2"
"366711","California State University-San Marcos","2022","All students, Undergraduate, Other degree/certificate-seeking","11293","4494","6799","27","11","16","1155","529","626","391","189","202","5652","1970","3682","35","12","23","2933","1280","1653","602","248","354","386","192","194","112","63","49",,,,,"-2"
"366711","California State University-San Marcos","2022","All students, Undergraduate, Non-degree/certificate-seeking","70","20","50","0","0","0","3","1","2","1","1","0","23","5","18","0","0","0","7","2","5","4","1","3","4","3","1","28","7","21",,,,,"-2"
"366711","California State University-San Marcos","2022","All students, Graduate","1195","335","860","2","0","2","120","35","85","40","14","26","459","93","366","4","1","3","371","113","258","66","23","43","55","18","37","78","38","40","121","7","128","1067","-2"
"366711","California State University-San Marcos","2022","All students, Undergraduate, Other degree/certificatee-seeking, Transfer-ins","1513","650","863","3","2","1","141","76","65","60","33","27","688","265","423","3","0","3","433","194","239","89","34","55","79","37","42","17","9","8",,,,,"-2"
"366711","California State University-San Marcos","2022","All students, Undergraduate, Other degree/certificatee-seeking, Continuing","9780","3844","5936","24","9","15","1014","453","561","331","156","175","4964","1705","3259","32","12","20","2500","1086","1414","513","214","299","307","155","152","95","54","41",,,,,"-2"
"366711","California State University-San Marcos","2022","Full-time students total","11975","4693","7282","33","12","21","1122","518","604","410","187","223","6084","2110","3974","39","14","25","3076","1305","1771","659","278","381","350","172","178","202","97","105",,,,,"-2"
"366711","California State University-San Marcos","2022","Full-time students, Undergraduate total","11144","4457","6687","32","12","20","1045","493","552","384","178","206","5765","2045","3720","35","13","22","2823","1230","1593","611","263","348","312","158","154","137","65","72",,,,,"-2"
"366711","California State University-San Marcos","2022","Full-time students, Undergraduate, Degree/certificate-seeking total","11119","4451","6668","32","12","20","1045","493","552","384","178","206","5765","2045","3720","35","13","22","2823","1230","1593","611","263","348","312","158","154","112","59","53",,,,,"-2"
"366711","California State University-San Marcos","2022","Full-time students, Undergraduate, Degree/certificate-seeking, First-time","2410","1032","1378","6","1","5","189","104","85","86","39","47","1367","556","811","5","2","3","540","237","303","155","66","89","48","22","26","14","5","9",,,,,"-2"
"366711","California State University-San Marcos","2022","Full-time students, Undergraduate, Degree/certificate-seeking, Other degree/certificate-seeking","8709","3419","5290","26","11","15","856","389","467","298","139","159","4398","1489","2909","30","11","19","2283","993","1290","456","197","259","264","136","128","98","54","44",,,,,"-2"
"366711","California State University-San Marcos","2022","Full-time students, Undergraduate, Non-degree/certificate-seeking","25","6","19","0","0","0","0","0","0","0","0","0","0","0","0","0","0","0","0","0","0","0","0","0","0","0","0","25","6","19",,,,,"-2"
"366711","California State University-San Marcos","2022","Full-time students, Graduate","831","236","595","1","0","1","77","25","52","26","9","17","319","65","254","4","1","3","253","75","178","48","15","33","38","14","24","65","32","33",,,,,"-2"
"366711","California State University-San Marcos","2022","Full-time students, Undergraduate, Other degree/certificatee-seeking, Transfer-ins","1200","513","687","3","2","1","104","56","48","46","24","22","537","206","331","2","0","2","359","161","198","73","28","45","60","28","32","16","8","8",,,,,"-2"
"366711","California State University-San Marcos","2022","Full-time students, Undergraduate, Other degree/certificatee-seeking, Continuing","7509","2906","4603","23","9","14","752","333","419","252","115","137","3861","1283","2578","28","11","17","1924","832","1092","383","169","214","204","108","96","82","46","36",,,,,"-2"
"366711","California State University-San Marcos","2022","Part-time students total","3134","1262","1872","3","0","3","355","158","197","118","61","57","1497","556","941","5","1","4","805","341","464","175","65","110","146","64","82","30","16","14",,,,,"-2"
"366711","California State University-San Marcos","2022","Part-time students, Undergraduate total","2770","1163","1607","2","0","2","312","148","164","104","56","48","1357","528","829","5","1","4","687","303","384","157","57","100","129","60","69","17","10","7",,,,,"-2"
"366711","California State University-San Marcos","2022","Part-time students, Undergraduate, Degree/certificate-seeking total","2725","1149","1576","2","0","2","309","147","162","103","55","48","1334","523","811","5","1","4","680","301","379","153","56","97","125","57","68","14","9","5",,,,,"-2"
"366711","California State University-San Marcos","2022","Part-time students, Undergraduate, Degree/certificate-seeking, First-time","141","74","67","1","0","1","10","7","3","10","5","5","80","42","38","0","0","0","30","14","16","7","5","2","3","1","2","0","0","0",,,,,"-2"
"366711","California State University-San Marcos","2022","Part-time students, Undergraduate, Degree/certificate-seeking, Other degree/certificate-seeking","2584","1075","1509","1","0","1","299","140","159","93","50","43","1254","481","773","5","1","4","650","287","363","146","51","95","122","56","66","14","9","5",,,,,"-2"
"366711","California State University-San Marcos","2022","Part-time students, Undergraduate, Non-degree/certificate-seeking","45","14","31","0","0","0","3","1","2","1","1","0","23","5","18","0","0","0","7","2","5","4","1","3","4","3","1","3","1","2",,,,,"-2"
"366711","California State University-San Marcos","2022","Part-time students, Graduate","364","99","265","1","0","1","43","10","33","14","5","9","140","28","112","0","0","0","118","38","80","18","8","10","17","4","13","13","6","7",,,,,"-2"
"366711","California State University-San Marcos","2022","Part-time students, Undergraduate, Other degree/certificatee-seeking, Transfer-ins","313","137","176","0","0","0","37","20","17","14","9","5","151","59","92","1","0","1","74","33","41","16","6","10","19","9","10","1","1","0",,,,,"-2"
"366711","California State University-San Marcos","2022","Part-time students, Undergraduate, Other degree/certificatee-seeking, Continuing","2271","938","1333","1","0","1","262","120","142","79","41","38","1103","422","681","4","1","3","576","254","322","130","45","85","103","47","56","13","8","5",,,,,"-2"
"409698","California State University-Monterey Bay","2022","All students total","7045","2688","4357","11","3","8","461","212","249","178","74","104","3750","1292","2458","20","10","10","1863","742","1121","318","125","193","277","126","151","167","104","63","624","140","764","6281","-2"
"409698","California State University-Monterey Bay","2022","All students, Undergraduate total","6248","2476","3772","11","3","8","400","199","201","156","66","90","3337","1196","2141","14","6","8","1632","668","964","292","119","173","241","116","125","165","103","62","557","133","690","5558","-2"
"409698","California State University-Monterey Bay","2022","All students, Undergraduate, Degree/certificate-seeking total","6129","2419","3710","11","3","8","397","199","198","155","66","89","3315","1178","2137","14","6","8","1629","668","961","291","118","173","188","92","96","129","89","40",,,,,"-2"
"409698","California State University-Monterey Bay","2022","All students, Undergraduate, Degree/certificate-seeking, First-time","904","362","542","0","0","0","58","30","28","24","9","15","443","159","284","1","1","0","284","111","173","59","28","31","18","11","7","17","13","4",,,,,"-2"
"409698","California State University-Monterey Bay","2022","All students, Undergraduate, Other degree/certificate-seeking","5225","2057","3168","11","3","8","339","169","170","131","57","74","2872","1019","1853","13","5","8","1345","557","788","232","90","142","170","81","89","112","76","36",,,,,"-2"
"409698","California State University-Monterey Bay","2022","All students, Undergraduate, Non-degree/certificate-seeking","119","57","62","0","0","0","3","0","3","1","0","1","22","18","4","0","0","0","3","0","3","1","1","0","53","24","29","36","14","22",,,,,"-2"
"409698","California State University-Monterey Bay","2022","All students, Graduate","797","212","585","0","0","0","61","13","48","22","8","14","413","96","317","6","4","2","231","74","157","26","6","20","36","10","26","2","1","1","67","7","74","723","-2"
"409698","California State University-Monterey Bay","2022","All students, Undergraduate, Other degree/certificatee-seeking, Transfer-ins","889","407","482","0","0","0","39","23","16","19","6","13","489","203","286","2","0","2","250","127","123","28","14","14","35","16","19","27","18","9",,,,,"-2"
"409698","California State University-Monterey Bay","2022","All students, Undergraduate, Other degree/certificatee-seeking, Continuing","4336","1650","2686","11","3","8","300","146","154","112","51","61","2383","816","1567","11","5","6","1095","430","665","204","76","128","135","65","70","85","58","27",,,,,"-2"
"409698","California State University-Monterey Bay","2022","Full-time students total","5949","2180","3769","11","3","8","365","162","203","155","63","92","3222","1062","2160","16","7","9","1556","596","960","281","111","170","182","77","105","161","99","62",,,,,"-2"
"409698","California State University-Monterey Bay","2022","Full-time students, Undergraduate total","5423","2061","3362","11","3","8","325","153","172","140","58","82","2927","1005","1922","13","5","8","1423","558","865","262","107","155","162","73","89","160","99","61",,,,,"-2"
"409698","California State University-Monterey Bay","2022","Full-time students, Undergraduate, Degree/certificate-seeking total","5358","2041","3317","11","3","8","325","153","172","140","58","82","2927","1005","1922","13","5","8","1423","558","865","262","107","155","133","67","66","124","85","39",,,,,"-2"
"409698","California State University-Monterey Bay","2022","Full-time students, Undergraduate, Degree/certificate-seeking, First-time","891","352","539","0","0","0","55","27","28","24","9","15","438","155","283","1","1","0","281","109","172","58","28","30","18","11","7","16","12","4",,,,,"-2"
"409698","California State University-Monterey Bay","2022","Full-time students, Undergraduate, Degree/certificate-seeking, Other degree/certificate-seeking","4467","1689","2778","11","3","8","270","126","144","116","49","67","2489","850","1639","12","4","8","1142","449","693","204","79","125","115","56","59","108","73","35",,,,,"-2"
"409698","California State University-Monterey Bay","2022","Full-time students, Undergraduate, Non-degree/certificate-seeking","65","20","45","0","0","0","0","0","0","0","0","0","0","0","0","0","0","0","0","0","0","0","0","0","29","6","23","36","14","22",,,,,"-2"
"409698","California State University-Monterey Bay","2022","Full-time students, Graduate","526","119","407","0","0","0","40","9","31","15","5","10","295","57","238","3","2","1","133","38","95","19","4","15","20","4","16","1","0","1",,,,,"-2"
"409698","California State University-Monterey Bay","2022","Full-time students, Undergraduate, Other degree/certificatee-seeking, Transfer-ins","758","336","422","0","0","0","31","17","14","19","6","13","424","167","257","2","0","2","204","103","101","25","11","14","26","14","12","27","18","9",,,,,"-2"
"409698","California State University-Monterey Bay","2022","Full-time students, Undergraduate, Other degree/certificatee-seeking, Continuing","3709","1353","2356","11","3","8","239","109","130","97","43","54","2065","683","1382","10","4","6","938","346","592","179","68","111","89","42","47","81","55","26",,,,,"-2"
"409698","California State University-Monterey Bay","2022","Part-time students total","1096","508","588","0","0","0","96","50","46","23","11","12","528","230","298","4","3","1","307","146","161","37","14","23","95","49","46","6","5","1",,,,,"-2"
"409698","California State University-Monterey Bay","2022","Part-time students, Undergraduate total","825","415","410","0","0","0","75","46","29","16","8","8","410","191","219","1","1","0","209","110","99","30","12","18","79","43","36","5","4","1",,,,,"-2"
"409698","California State University-Monterey Bay","2022","Part-time students, Undergraduate, Degree/certificate-seeking total","771","378","393","0","0","0","72","46","26","15","8","7","388","173","215","1","1","0","206","110","96","29","11","18","55","25","30","5","4","1",,,,,"-2"
"409698","California State University-Monterey Bay","2022","Part-time students, Undergraduate, Degree/certificate-seeking, First-time","13","10","3","0","0","0","3","3","0","0","0","0","5","4","1","0","0","0","3","2","1","1","0","1","0","0","0","1","1","0",,,,,"-2"
"409698","California State University-Monterey Bay","2022","Part-time students, Undergraduate, Degree/certificate-seeking, Other degree/certificate-seeking","758","368","390","0","0","0","69","43","26","15","8","7","383","169","214","1","1","0","203","108","95","28","11","17","55","25","30","4","3","1",,,,,"-2"
"409698","California State University-Monterey Bay","2022","Part-time students, Undergraduate, Non-degree/certificate-seeking","54","37","17","0","0","0","3","0","3","1","0","1","22","18","4","0","0","0","3","0","3","1","1","0","24","18","6","0","0","0",,,,,"-2"
"409698","California State University-Monterey Bay","2022","Part-time students, Graduate","271","93","178","0","0","0","21","4","17","7","3","4","118","39","79","3","2","1","98","36","62","7","2","5","16","6","10","1","1","0",,,,,"-2"
"409698","California State University-Monterey Bay","2022","Part-time students, Undergraduate, Other degree/certificatee-seeking, Transfer-ins","131","71","60","0","0","0","8","6","2","0","0","0","65","36","29","0","0","0","46","24","22","3","3","0","9","2","7","0","0","0",,,,,"-2"
"409698","California State University-Monterey Bay","2022","Part-time students, Undergraduate, Other degree/certificatee-seeking, Continuing","627","297","330","0","0","0","61","37","24","15","8","7","318","133","185","1","1","0","157","84","73","25","8","17","46","23","23","4","3","1",,,,,"-2"
"441937","California State University-Channel Islands","2022","All students total","6128","2099","4029","13","2","11","412","187","225","123","41","82","3594","1034","2560","14","6","8","1443","597","846","223","98","125","214","94","120","92","40","52","511","75","586","5542","-2"
"441937","California State University-Channel Islands","2022","All students, Undergraduate total","5734","1948","3786","11","2","9","373","168","205","116","40","76","3436","976","2460","14","6","8","1337","557","780","212","93","119","181","80","101","54","26","28","460","73","533","5201","-2"
"441937","California State University-Channel Islands","2022","All students, Undergraduate, Degree/certificate-seeking total","5717","1941","3776","11","2","9","373","168","205","116","40","76","3432","975","2457","14","6","8","1336","557","779","212","93","119","180","80","100","43","20","23",,,,,"-2"
"441937","California State University-Channel Islands","2022","All students, Undergraduate, Degree/certificate-seeking, First-time","635","185","450","0","0","0","53","22","31","27","9","18","421","104","317","1","0","1","95","34","61","28","9","19","7","4","3","3","3","0",,,,,"-2"
"441937","California State University-Channel Islands","2022","All students, Undergraduate, Other degree/certificate-seeking","5082","1756","3326","11","2","9","320","146","174","89","31","58","3011","871","2140","13","6","7","1241","523","718","184","84","100","173","76","97","40","17","23",,,,,"-2"
"441937","California State University-Channel Islands","2022","All students, Undergraduate, Non-degree/certificate-seeking","17","7","10","0","0","0","0","0","0","0","0","0","4","1","3","0","0","0","1","0","1","0","0","0","1","0","1","11","6","5",,,,,"-2"
"441937","California State University-Channel Islands","2022","All students, Graduate","394","151","243","2","0","2","39","19","20","7","1","6","158","58","100","0","0","0","106","40","66","11","5","6","33","14","19","38","14","24","51","2","53","341","-2"
"441937","California State University-Channel Islands","2022","All students, Undergraduate, Other degree/certificatee-seeking, Transfer-ins","915","332","583","5","0","5","41","19","22","15","7","8","535","170","365","1","0","1","241","100","141","31","15","16","36","15","21","10","6","4",,,,,"-2"
"441937","California State University-Channel Islands","2022","All students, Undergraduate, Other degree/certificatee-seeking, Continuing","4167","1424","2743","6","2","4","279","127","152","74","24","50","2476","701","1775","12","6","6","1000","423","577","153","69","84","137","61","76","30","11","19",,,,,"-2"
"441937","California State University-Channel Islands","2022","Full-time students total","4468","1459","3009","6","1","5","285","119","166","92","31","61","2707","749","1958","11","5","6","998","393","605","171","73","98","125","53","72","73","35","38",,,,,"-2"
"441937","California State University-Channel Islands","2022","Full-time students, Undergraduate total","4319","1409","2910","5","1","4","279","115","164","91","31","60","2640","728","1912","11","5","6","961","382","579","170","72","98","115","50","65","47","25","22",,,,,"-2"
"441937","California State University-Channel Islands","2022","Full-time students, Undergraduate, Degree/certificate-seeking total","4307","1403","2904","5","1","4","279","115","164","91","31","60","2640","728","1912","11","5","6","961","382","579","170","72","98","114","50","64","36","19","17",,,,,"-2"
"441937","California State University-Channel Islands","2022","Full-time students, Undergraduate, Degree/certificate-seeking, First-time","602","172","430","0","0","0","48","20","28","25","7","18","402","100","302","1","0","1","88","29","59","28","9","19","7","4","3","3","3","0",,,,,"-2"
"441937","California State University-Channel Islands","2022","Full-time students, Undergraduate, Degree/certificate-seeking, Other degree/certificate-seeking","3705","1231","2474","5","1","4","231","95","136","66","24","42","2238","628","1610","10","5","5","873","353","520","142","63","79","107","46","61","33","16","17",,,,,"-2"
"441937","California State University-Channel Islands","2022","Full-time students, Undergraduate, Non-degree/certificate-seeking","12","6","6","0","0","0","0","0","0","0","0","0","0","0","0","0","0","0","0","0","0","0","0","0","1","0","1","11","6","5",,,,,"-2"
"441937","California State University-Channel Islands","2022","Full-time students, Graduate","149","50","99","1","0","1","6","4","2","1","0","1","67","21","46","0","0","0","37","11","26","1","1","0","10","3","7","26","10","16",,,,,"-2"
"441937","California State University-Channel Islands","2022","Full-time students, Undergraduate, Other degree/certificatee-seeking, Transfer-ins","703","264","439","3","0","3","29","15","14","11","5","6","406","132","274","1","0","1","189","81","108","28","14","14","27","11","16","9","6","3",,,,,"-2"
"441937","California State University-Channel Islands","2022","Full-time students, Undergraduate, Other degree/certificatee-seeking, Continuing","3002","967","2035","2","1","1","202","80","122","55","19","36","1832","496","1336","9","5","4","684","272","412","114","49","65","80","35","45","24","10","14",,,,,"-2"
"441937","California State University-Channel Islands","2022","Part-time students total","1660","640","1020","7","1","6","127","68","59","31","10","21","887","285","602","3","1","2","445","204","241","52","25","27","89","41","48","19","5","14",,,,,"-2"
"441937","California State University-Channel Islands","2022","Part-time students, Undergraduate total","1415","539","876","6","1","5","94","53","41","25","9","16","796","248","548","3","1","2","376","175","201","42","21","21","66","30","36","7","1","6",,,,,"-2"
"441937","California State University-Channel Islands","2022","Part-time students, Undergraduate, Degree/certificate-seeking total","1410","538","872","6","1","5","94","53","41","25","9","16","792","247","545","3","1","2","375","175","200","42","21","21","66","30","36","7","1","6",,,,,"-2"
"441937","California State University-Channel Islands","2022","Part-time students, Undergraduate, Degree/certificate-seeking, First-time","33","13","20","0","0","0","5","2","3","2","2","0","19","4","15","0","0","0","7","5","2","0","0","0","0","0","0","0","0","0",,,,,"-2"
"441937","California State University-Channel Islands","2022","Part-time students, Undergraduate, Degree/certificate-seeking, Other degree/certificate-seeking","1377","525","852","6","1","5","89","51","38","23","7","16","773","243","530","3","1","2","368","170","198","42","21","21","66","30","36","7","1","6",,,,,"-2"
"441937","California State University-Channel Islands","2022","Part-time students, Undergraduate, Non-degree/certificate-seeking","5","1","4","0","0","0","0","0","0","0","0","0","4","1","3","0","0","0","1","0","1","0","0","0","0","0","0","0","0","0",,,,,"-2"
"441937","California State University-Channel Islands","2022","Part-time students, Graduate","245","101","144","1","0","1","33","15","18","6","1","5","91","37","54","0","0","0","69","29","40","10","4","6","23","11","12","12","4","8",,,,,"-2"
"441937","California State University-Channel Islands","2022","Part-time students, Undergraduate, Other degree/certificatee-seeking, Transfer-ins","212","68","144","2","0","2","12","4","8","4","2","2","129","38","91","0","0","0","52","19","33","3","1","2","9","4","5","1","0","1",,,,,"-2"
"441937","California State University-Channel Islands","2022","Part-time students, Undergraduate, Other degree/certificatee-seeking, Continuing","1165","457","708","4","1","3","77","47","30","19","5","14","644","205","439","3","1","2","316","151","165","39","20","19","57","26","31","6","1","5",,,,,"-2"
"461148","New York Film Academy","2022","All students total","1285","749","536","2","1","1","37","22","15","112","75","37","147","90","57","1","0","1","213","145","68","29","16","13","52","33","19","692","367","325","1","0","1","1284","-2"
"461148","New York Film Academy","2022","All students, Undergraduate total","996","601","395","2","1","1","28","16","12","93","67","26","137","85","52","1","0","1","189","129","60","20","10","10","49","33","16","477","260","217","0",,"0","996","-2"
"461148","New York Film Academy","2022","All students, Undergraduate, Degree/certificate-seeking total","996","601","395","2","1","1","28","16","12","93","67","26","137","85","52","1","0","1","189","129","60","20","10","10","49","33","16","477","260","217",,,,,"-2"
"461148","New York Film Academy","2022","All students, Undergraduate, Degree/certificate-seeking, First-time","270","157","113","1","0","1","10","6","4","26","20","6","37","22","15","0","0","0","57","34","23","9","5","4","11","7","4","119","63","56",,,,,"-2"
"461148","New York Film Academy","2022","All students, Undergraduate, Other degree/certificate-seeking","726","444","282","1","1","0","18","10","8","67","47","20","100","63","37","1","0","1","132","95","37","11","5","6","38","26","12","358","197","161",,,,,"-2"
"461148","New York Film Academy","2022","All students, Graduate","289","148","141","0","0","0","9","6","3","19","8","11","10","5","5","0","0","0","24","16","8","9","6","3","3","0","3","215","107","108","1","0","1","288","-2"
"461148","New York Film Academy","2022","All students, Undergraduate, Other degree/certificatee-seeking, Transfer-ins","142","82","60","0","0","0","4","1","3","23","17","6","14","8","6","0","0","0","20","15","5","2","0","2","5","3","2","74","38","36",,,,,"-2"
"461148","New York Film Academy","2022","All students, Undergraduate, Other degree/certificatee-seeking, Continuing","584","362","222","1","1","0","14","9","5","44","30","14","86","55","31","1","0","1","112","80","32","9","5","4","33","23","10","284","159","125",,,,,"-2"
"461148","New York Film Academy","2022","Full-time students total","1285","749","536","2","1","1","37","22","15","112","75","37","147","90","57","1","0","1","213","145","68","29","16","13","52","33","19","692","367","325",,,,,"-2"
"461148","New York Film Academy","2022","Full-time students, Undergraduate total","996","601","395","2","1","1","28","16","12","93","67","26","137","85","52","1","0","1","189","129","60","20","10","10","49","33","16","477","260","217",,,,,"-2"
"461148","New York Film Academy","2022","Full-time students, Undergraduate, Degree/certificate-seeking total","996","601","395","2","1","1","28","16","12","93","67","26","137","85","52","1","0","1","189","129","60","20","10","10","49","33","16","477","260","217",,,,,"-2"
"461148","New York Film Academy","2022","Full-time students, Undergraduate, Degree/certificate-seeking, First-time","270","157","113","1","0","1","10","6","4","26","20","6","37","22","15","0","0","0","57","34","23","9","5","4","11","7","4","119","63","56",,,,,"-2"
"461148","New York Film Academy","2022","Full-time students, Undergraduate, Degree/certificate-seeking, Other degree/certificate-seeking","726","444","282","1","1","0","18","10","8","67","47","20","100","63","37","1","0","1","132","95","37","11","5","6","38","26","12","358","197","161",,,,,"-2"
"461148","New York Film Academy","2022","Full-time students, Graduate","289","148","141","0","0","0","9","6","3","19","8","11","10","5","5","0","0","0","24","16","8","9","6","3","3","0","3","215","107","108",,,,,"-2"
"461148","New York Film Academy","2022","Full-time students, Undergraduate, Other degree/certificatee-seeking, Transfer-ins","142","82","60","0","0","0","4","1","3","23","17","6","14","8","6","0","0","0","20","15","5","2","0","2","5","3","2","74","38","36",,,,,"-2"
"461148","New York Film Academy","2022","Full-time students, Undergraduate, Other degree/certificatee-seeking, Continuing","584","362","222","1","1","0","14","9","5","44","30","14","86","55","31","1","0","1","112","80","32","9","5","4","33","23","10","284","159","125",,,,,"-2"
"486840","Kennesaw State University","2022","All students total","43190","21267","21923","62","35","27","2368","1272","1096","10805","4686","6119","5886","2779","3107","56","32","24","19655","10291","9364","2049","928","1121","1042","553","489","1267","691","576","0",,"0","43190","-2"
"486840","Kennesaw State University","2022","All students, Undergraduate total","38927","19423","19504","56","33","23","2148","1165","983","9717","4279","5438","5618","2684","2934","50","26","24","17815","9524","8291","1951","882","1069","928","497","431","644","333","311","0",,"0","38927","-2"
"486840","Kennesaw State University","2022","All students, Undergraduate, Degree/certificate-seeking total","38051","19066","18985","56","33","23","2100","1148","952","9603","4242","5361","5539","2652","2887","50","26","24","17328","9322","8006","1910","865","1045","860","461","399","605","317","288",,,,,"-2"
"486840","Kennesaw State University","2022","All students, Undergraduate, Degree/certificate-seeking, First-time","7024","3511","3513","15","10","5","408","243","165","1767","760","1007","1139","539","600","9","4","5","2971","1610","1361","391","177","214","245","138","107","79","30","49",,,,,"-2"
"486840","Kennesaw State University","2022","All students, Undergraduate, Other degree/certificate-seeking","31027","15555","15472","41","23","18","1692","905","787","7836","3482","4354","4400","2113","2287","41","22","19","14357","7712","6645","1519","688","831","615","323","292","526","287","239",,,,,"-2"
"486840","Kennesaw State University","2022","All students, Undergraduate, Non-degree/certificate-seeking","876","357","519","0","0","0","48","17","31","114","37","77","79","32","47","0","0","0","487","202","285","41","17","24","68","36","32","39","16","23",,,,,"-2"
"486840","Kennesaw State University","2022","All students, Graduate","4263","1844","2419","6","2","4","220","107","113","1088","407","681","268","95","173","6","6","0","1840","767","1073","98","46","52","114","56","58","623","358","265","0",,"0","4263","-2"
"486840","Kennesaw State University","2022","All students, Undergraduate, Other degree/certificatee-seeking, Transfer-ins","2886","1439","1447","4","2","2","120","68","52","755","347","408","425","217","208","5","3","2","1258","657","601","139","58","81","114","54","60","66","33","33",,,,,"-2"
"486840","Kennesaw State University","2022","All students, Undergraduate, Other degree/certificatee-seeking, Continuing","28141","14116","14025","37","21","16","1572","837","735","7081","3135","3946","3975","1896","2079","36","19","17","13099","7055","6044","1380","630","750","501","269","232","460","254","206",,,,,"-2"
"486840","Kennesaw State University","2022","Full-time students total","30353","14958","15395","48","28","20","1674","897","777","7563","3260","4303","4223","1962","2261","39","20","19","13607","7179","6428","1495","684","811","695","375","320","1009","553","456",,,,,"-2"
"486840","Kennesaw State University","2022","Full-time students, Undergraduate total","28771","14264","14507","48","28","20","1608","872","736","7256","3146","4110","4138","1941","2197","38","19","19","13053","6969","6084","1459","668","791","670","364","306","501","257","244",,,,,"-2"
"486840","Kennesaw State University","2022","Full-time students, Undergraduate, Degree/certificate-seeking total","28554","14171","14383","48","28","20","1593","868","725","7237","3141","4096","4122","1935","2187","38","19","19","12941","6916","6025","1451","665","786","656","357","299","468","242","226",,,,,"-2"
"486840","Kennesaw State University","2022","Full-time students, Undergraduate, Degree/certificate-seeking, First-time","6669","3317","3352","15","10","5","394","230","164","1688","729","959","1066","493","573","9","4","5","2825","1522","1303","367","169","198","234","131","103","71","29","42",,,,,"-2"
"486840","Kennesaw State University","2022","Full-time students, Undergraduate, Degree/certificate-seeking, Other degree/certificate-seeking","21885","10854","11031","33","18","15","1199","638","561","5549","2412","3137","3056","1442","1614","29","15","14","10116","5394","4722","1084","496","588","422","226","196","397","213","184",,,,,"-2"
"486840","Kennesaw State University","2022","Full-time students, Undergraduate, Non-degree/certificate-seeking","217","93","124","0","0","0","15","4","11","19","5","14","16","6","10","0","0","0","112","53","59","8","3","5","14","7","7","33","15","18",,,,,"-2"
"486840","Kennesaw State University","2022","Full-time students, Graduate","1582","694","888","0","0","0","66","25","41","307","114","193","85","21","64","1","1","0","554","210","344","36","16","20","25","11","14","508","296","212",,,,,"-2"
"486840","Kennesaw State University","2022","Full-time students, Undergraduate, Other degree/certificatee-seeking, Transfer-ins","2090","1021","1069","4","2","2","96","55","41","554","246","308","305","156","149","4","2","2","897","460","437","104","40","64","74","34","40","52","26","26",,,,,"-2"
"486840","Kennesaw State University","2022","Full-time students, Undergraduate, Other degree/certificatee-seeking, Continuing","19795","9833","9962","29","16","13","1103","583","520","4995","2166","2829","2751","1286","1465","25","13","12","9219","4934","4285","980","456","524","348","192","156","345","187","158",,,,,"-2"
"486840","Kennesaw State University","2022","Part-time students total","12837","6309","6528","14","7","7","694","375","319","3242","1426","1816","1663","817","846","17","12","5","6048","3112","2936","554","244","310","347","178","169","258","138","120",,,,,"-2"
"486840","Kennesaw State University","2022","Part-time students, Undergraduate total","10156","5159","4997","8","5","3","540","293","247","2461","1133","1328","1480","743","737","12","7","5","4762","2555","2207","492","214","278","258","133","125","143","76","67",,,,,"-2"
"486840","Kennesaw State University","2022","Part-time students, Undergraduate, Degree/certificate-seeking total","9497","4895","4602","8","5","3","507","280","227","2366","1101","1265","1417","717","700","12","7","5","4387","2406","1981","459","200","259","204","104","100","137","75","62",,,,,"-2"
"486840","Kennesaw State University","2022","Part-time students, Undergraduate, Degree/certificate-seeking, First-time","355","194","161","0","0","0","14","13","1","79","31","48","73","46","27","0","0","0","146","88","58","24","8","16","11","7","4","8","1","7",,,,,"-2"
"486840","Kennesaw State University","2022","Part-time students, Undergraduate, Degree/certificate-seeking, Other degree/certificate-seeking","9142","4701","4441","8","5","3","493","267","226","2287","1070","1217","1344","671","673","12","7","5","4241","2318","1923","435","192","243","193","97","96","129","74","55",,,,,"-2"
"486840","Kennesaw State University","2022","Part-time students, Undergraduate, Non-degree/certificate-seeking","659","264","395","0","0","0","33","13","20","95","32","63","63","26","37","0","0","0","375","149","226","33","14","19","54","29","25","6","1","5",,,,,"-2"
"486840","Kennesaw State University","2022","Part-time students, Graduate","2681","1150","1531","6","2","4","154","82","72","781","293","488","183","74","109","5","5","0","1286","557","729","62","30","32","89","45","44","115","62","53",,,,,"-2"
"486840","Kennesaw State University","2022","Part-time students, Undergraduate, Other degree/certificatee-seeking, Transfer-ins","796","418","378","0","0","0","24","13","11","201","101","100","120","61","59","1","1","0","361","197","164","35","18","17","40","20","20","14","7","7",,,,,"-2"
"486840","Kennesaw State University","2022","Part-time students, Undergraduate, Other degree/certificatee-seeking, Continuing","8346","4283","4063","8","5","3","469","254","215","2086","969","1117","1224","610","614","11","6","5","3880","2121","1759","400","174","226","153","77","76","115","67","48",,,,,"-2"
"488527","Arkansas Colleges of Health Education","2022","All students total","758","361","397","5","3","2","179","74","105","33","13","20","56","22","34","1","0","1","424","221","203","43","19","24","14","8","6","3","1","2","0","0","0","758","-2"
"488527","Arkansas Colleges of Health Education","2022","All students, Graduate","758","361","397","5","3","2","179","74","105","33","13","20","56","22","34","1","0","1","424","221","203","43","19","24","14","8","6","3","1","2","0","0","0","758","-2"
"488527","Arkansas Colleges of Health Education","2022","Full-time students total","758","361","397","5","3","2","179","74","105","33","13","20","56","22","34","1","0","1","424","221","203","43","19","24","14","8","6","3","1","2",,,,,"-2"
"488527","Arkansas Colleges of Health Education","2022","Full-time students, Graduate","758","361","397","5","3","2","179","74","105","33","13","20","56","22","34","1","0","1","424","221","203","43","19","24","14","8","6","3","1","2",,,,,"-2"
"490373","Western Michigan University Homer Stryker M.D. School of Medicine","2022","All students total","332","160","172","1","0","1","63","25","38","16","7","9","36","15","21","0","0","0","190","100","90","11","4","7","15","9","6","0","0","0","0","0","0","332","-2"
"490373","Western Michigan University Homer Stryker M.D. School of Medicine","2022","All students, Graduate","332","160","172","1","0","1","63","25","38","16","7","9","36","15","21","0","0","0","190","100","90","11","4","7","15","9","6","0","0","0","0","0","0","332","-2"
"490373","Western Michigan University Homer Stryker M.D. School of Medicine","2022","Full-time students total","332","160","172","1","0","1","63","25","38","16","7","9","36","15","21","0","0","0","190","100","90","11","4","7","15","9","6","0","0","0",,,,,"-2"
"490373","Western Michigan University Homer Stryker M.D. School of Medicine","2022","Full-time students, Graduate","332","160","172","1","0","1","63","25","38","16","7","9","36","15","21","0","0","0","190","100","90","11","4","7","15","9","6","0","0","0",,,,,"-2"
