institution name,"DRVGR2022.Graduation rate, total cohort",HD2022.Degree of urbanization (Urban-centric locale),"EF2022D.Full-time retention rate, 2022",American Indian or Alaska Native,Asian,Black or African American,Hispanic,Native Hawaiian or Other Pacific Islander,White,Two or more races,Race/ethnicity unknown,U.S. Nonresident,EF2022A.Grand total
Faulkner University,33.0,City: Midsize,63.0,0.6034788782392616,1.4909478168264112,33.86581469648562,3.869364572239971,0.1419950301739439,52.85764998225062,2.2719204827831025,2.3429179978700745,2.5559105431309903,2817
Miles College,26.0,Suburb: Large,57.0,0.0,0.0,95.07154213036566,0.6359300476947536,0.0,3.1796502384737675,1.0333863275039743,0.0794912559618442,0.0,1258
University of Mobile,46.0,Rural: Fringe,68.0,1.662971175166297,1.0532150776053215,12.527716186252771,1.7184035476718404,0.2217294900221729,48.28159645232816,4.878048780487805,25.88691796008869,3.76940133037694,1804
Oakwood University,47.0,City: Midsize,77.0,0.2040816326530612,0.2721088435374149,73.26530612244898,9.183673469387756,0.0,1.020408163265306,2.312925170068027,2.2448979591836733,11.496598639455785,1470
Samford University,78.0,Suburb: Large,91.0,0.1231960577261527,1.9007391763463568,8.729320661738825,4.118268215417107,0.1055966209081309,80.21823301654348,1.9183386131643787,2.0767335445265758,0.8095740936290039,5682
Spring Hill College,62.0,City: Midsize,81.0,0.7648183556405354,1.5296367112810707,13.193116634799235,9.27342256214149,0.1912045889101338,60.7074569789675,1.7208413001912046,3.824091778202677,8.795411089866157,1046
Tuskegee University,67.0,Town: Distant,76.0,0.3501945525291829,0.622568093385214,84.3579766536965,2.3735408560311284,1.78988326848249,1.9844357976653693,0.0,8.521400778210117,0.0,2570
Embry-Riddle Aeronautical University-Prescott,71.0,Rural: Fringe,78.0,0.5060088551549652,6.040480708412397,1.96078431372549,14.990512333965844,0.5060088551549652,57.36875395319419,6.862745098039216,2.2770398481973437,9.487666034155598,3162
Arizona Christian University,45.0,Suburb: Large,60.0,1.478743068391867,1.6635859519408502,10.258780036968576,26.062846580406656,0.6469500924214419,49.44547134935305,6.839186691312385,0.5545286506469501,3.049907578558225,1082
Harding University,69.0,Town: Distant,84.0,0.5202913631633715,1.664932362122789,6.597294484911551,3.9334027055150886,0.0624349635796045,79.31321540062434,3.0801248699271597,0.4162330905306972,4.41207075962539,4805
Hendrix College,69.0,City: Small,79.0,0.7867132867132868,3.146853146853147,7.43006993006993,9.090909090909092,0.0874125874125874,68.96853146853147,4.9825174825174825,2.7097902097902096,2.797202797202797,1144
John Brown University,71.0,Town: Distant,84.0,1.4187446259673258,1.9776440240756663,3.353396388650043,8.684436801375753,0.2149613069647463,68.70163370593293,5.28804815133276,5.503009458297506,4.858125537403268,2326
Ouachita Baptist University,65.0,Town: Distant,79.0,0.5605381165919282,1.4573991031390134,6.109865470852018,5.493273542600897,0.0560538116591928,80.77354260089686,3.6434977578475336,0.0,1.905829596412556,1784
Art Center College of Design,75.0,City: Midsize,86.0,0.0413223140495867,27.603305785123965,1.487603305785124,9.132231404958675,0.2066115702479339,11.446280991735538,3.636363636363636,0.0,46.44628099173554,2420
Azusa Pacific University,61.0,Suburb: Large,78.0,0.3208257776537871,14.325568419584322,6.84893290556563,36.86706653647649,0.9066815455433116,26.69828427953689,4.296275631189845,6.17938345654903,3.556981447900683,7169
Biola University,72.0,Suburb: Large,84.0,0.1670688695006497,16.13142751067384,3.304250974568405,18.97159829218489,0.3341377390012994,39.48394282532022,6.831260441804343,4.715054761462781,10.061258585483571,5387
California Baptist University,63.0,City: Large,73.0,0.548064375815572,6.2896911700739455,8.421052631578947,40.19138755980861,0.7481513701609395,32.501087429317096,5.315354501957373,3.3753806002609834,2.609830361026533,11495
California College of the Arts,72.0,City: Large,78.0,0.1998667554963357,13.85742838107928,3.530979347101932,13.324450366422386,0.1332445036642238,19.38707528314457,5.263157894736842,4.596935376415723,39.7068620919387,1501
California Institute of Technology,94.0,City: Midsize,98.0,0.083298625572678,21.532694710537275,2.207413577675968,13.119533527696792,0.041649312786339,26.69720949604332,5.95585172844648,0.4581424406497293,29.90420658059142,2401
California Lutheran University,73.0,City: Midsize,81.0,0.1106500691562932,5.255878284923928,3.67911479944675,38.69986168741356,0.3319502074688796,37.2060857538036,5.366528354080221,1.5767634854771784,7.773167358229599,3615
California Institute of the Arts,64.0,Suburb: Large,85.0,0.3472222222222222,7.916666666666666,4.583333333333333,12.291666666666666,0.1388888888888889,33.68055555555556,5.416666666666667,3.2638888888888893,32.361111111111114,1440
Chapman University,84.0,City: Midsize,91.0,0.1497902935889754,17.44557619332934,2.296784501697623,17.99480726982225,0.2796085480327541,45.54623527062113,7.968843618933493,4.044337926902337,4.274016377072099,10014
Concordia University-Irvine,63.0,City: Large,70.0,0.3205128205128205,8.039529914529915,5.368589743589744,25.774572649572647,0.3739316239316239,47.56944444444444,5.31517094017094,2.80448717948718,4.433760683760684,3744
Claremont McKenna College,91.0,Suburb: Large,96.0,0.0719942404607631,15.478761699064076,5.903527717782577,16.27069834413247,0.2159827213822894,35.42116630669546,7.055435565154787,4.175665946724262,15.406767458603312,1389
Dominican University of California,79.0,City: Small,85.0,0.3196590303676078,25.03995737879595,4.049014384656367,21.6302610548748,0.3196590303676078,26.58497602557272,4.954714970697922,2.503995737879595,14.597762386787426,1877
Fresno Pacific University,50.0,City: Large,75.0,0.8245382585751979,5.738786279683377,5.310026385224274,57.42084432717678,0.4617414248021108,23.97757255936676,0.758575197889182,3.5290237467018466,1.978891820580475,3032
University of La Verne,63.0,Suburb: Large,77.0,0.2296008477569763,5.616389968209114,7.771105616389969,58.866125044154,0.4768632991875662,17.855881314023314,3.2320734722712823,2.0840692334864004,3.86789120452137,5662
La Sierra University,54.0,City: Large,76.0,0.3717472118959107,16.41883519206939,6.629491945477076,47.52168525402726,0.6815365551425031,12.577447335811648,5.080545229244114,0.3717472118959107,10.346964064436182,1614
Southern California University of Health Sciences,100.0,Suburb: Large,,0.0611246943765281,15.036674816625917,6.051344743276284,26.65036674816626,0.3667481662591687,23.288508557457213,3.3618581907090466,22.00488997555012,3.1784841075794623,1636
The Master's University and Seminary,73.0,Suburb: Large,86.0,0.7290867229470452,5.947812739831159,2.1488871834228704,22.601688411358403,0.4604758250191865,57.86646201074444,4.758250191864928,5.103607060629317,0.3837298541826553,2606
Loyola Marymount University,82.0,City: Large,88.0,0.0590260698475159,9.85735366453517,7.270044269552385,25.597638957206097,0.0885391047712739,39.773733398917855,6.797835710772258,0.2754549926217413,10.2803738317757,10165
Mount Saint Mary's University,60.0,City: Large,77.0,0.1229508196721311,14.631147540983608,6.721311475409836,54.05737704918033,0.3278688524590163,11.92622950819672,1.0655737704918031,10.081967213114751,1.0655737704918031,2440
National University,22.0,City: Large,64.0,0.3649830926949707,7.33723364285331,10.691857656593848,34.42649347861092,0.789007568031775,31.09333905855832,5.195641672481348,10.058504642799637,0.0429391873758789,18631
Occidental College,83.0,City: Large,89.0,0.0,13.439752832131823,3.964984552008239,16.580844490216272,0.0,48.66117404737384,11.277033985581877,1.3388259526261586,4.737384140061792,1942
Otis College of Art and Design,62.0,City: Large,76.0,0.1524390243902439,16.08231707317073,6.63109756097561,19.740853658536587,0.0,22.40853658536585,6.783536585365854,1.4481707317073171,26.7530487804878,1312
Hope International University,50.0,Suburb: Large,60.0,0.7168458781362007,7.078853046594983,7.258064516129033,23.02867383512545,1.254480286738351,37.007168458781365,12.455197132616489,8.422939068100359,2.7777777777777777,1116
University of the Pacific,74.0,City: Large,88.0,0.1433805958260315,34.63437948064362,3.488927831766768,21.124741118368647,0.4779353194201051,22.12840528915087,5.257288513621156,2.1029154054484627,10.64202644575434,6277
Pepperdine University,84.0,Suburb: Large,88.0,0.3688933200398803,11.52542372881356,8.464606181455633,19.88035892323031,0.32901296111665,42.85144566301097,5.194416749750748,3.4097706879361915,7.976071784646062,10030
Pitzer College,85.0,Suburb: Large,89.0,0.495049504950495,12.046204620462046,4.62046204620462,13.2013201320132,0.495049504950495,48.67986798679868,9.570957095709572,3.7128712871287126,7.1782178217821775,1212
Point Loma Nazarene University,76.0,City: Large,85.0,0.3241491085899514,6.922898819171104,2.6626533919888864,29.1502662653392,0.5093771706413521,49.64112062977541,7.31650845103033,2.338504283398935,1.1345218800648298,4319
Pomona College,95.0,Suburb: Large,96.0,0.2331002331002331,17.424242424242426,9.965034965034963,15.792540792540793,0.4662004662004662,31.41025641025641,8.391608391608392,4.020979020979021,12.296037296037296,1716
University of Redlands,67.0,City: Small,80.0,0.6069364161849711,5.867052023121387,5.346820809248555,42.54335260115607,0.6936416184971098,35.115606936416185,4.913294797687861,1.8786127167630056,3.034682080924856,3460
University of San Diego,83.0,City: Large,90.0,0.238230289279637,8.837209302325581,4.537719795802609,23.3011911514464,0.2495745887691434,45.58139534883721,6.5229722064662505,4.299489506522972,6.432217810550199,8815
University of San Francisco,74.0,City: Large,81.0,0.2064409578860445,22.02725020644096,7.122213047068539,21.222130470685386,0.3509496284062758,26.001238645747318,8.319570602807596,1.259289843104872,13.490916597853014,9688
William Jessup University,52.0,Rural: Fringe,67.0,0.8004926108374385,3.633004926108374,6.958128078817734,21.85960591133005,1.1699507389162562,43.96551724137931,4.248768472906404,5.972906403940887,11.391625615763546,1624
Santa Clara University,89.0,City: Midsize,92.0,0.043582479843103,20.527348006101548,2.9091305295271304,17.847025495750707,0.1743299193724123,34.69165395511005,7.724994552190019,1.8631510132926563,14.218784048812378,9178
Scripps College,84.0,Suburb: Large,91.0,0.0,12.738853503184714,4.003639672429482,13.011828935395814,0.0,53.68516833484986,11.191992720655142,1.637852593266606,3.73066424021838,1099
Saint Mary's College of California,72.0,Suburb: Large,86.0,0.9041591320072332,13.851717902350812,7.377938517179023,26.98010849909584,2.061482820976492,36.63652802893309,0.0,9.439421338155515,2.748643761301989,2765
Vanguard University of Southern California,60.0,City: Midsize,72.0,0.3102836879432624,5.097517730496453,4.476950354609929,45.83333333333333,0.4432624113475177,32.57978723404255,2.792553191489361,8.289007092198581,0.1773049645390071,2256
University of Southern California,92.0,City: Large,97.0,0.1675349882521197,19.39932577382777,5.888241904178159,15.370313617325571,0.2206558381857186,24.817652467054856,3.9820206354070895,3.4794156706507304,26.674839105117996,48945
Westmont College,74.0,Suburb: Midsize,86.0,0.233644859813084,6.931464174454828,2.0249221183800623,23.13084112149533,0.233644859813084,52.25856697819314,6.697819314641744,6.775700934579438,1.7133956386292832,1284
Whittier College,66.0,Suburb: Large,70.0,0.0,6.62751677852349,4.865771812080537,44.37919463087248,0.4194630872483221,26.174496644295303,6.375838926174497,4.026845637583892,7.130872483221476,1192
Colorado Christian University,61.0,City: Midsize,83.0,0.7028112449799196,3.369031682284694,11.81392235609103,13.57652833556448,0.35698348951361,63.53190539937528,3.4024988844265955,3.235162873717091,0.0111557340473003,8964
Colorado College,86.0,City: Large,91.0,0.3631411711302769,4.584657285519746,3.041307308216069,10.939627780299592,0.1815705855651384,66.81797548797095,6.899682251475261,1.0440308669995462,6.128007262823423,2203
University of Denver,77.0,City: Large,88.0,0.5024027959807776,4.339595165283239,4.5361875637105,13.630406290956753,0.109217999126256,64.84636668122906,5.133245958934032,2.0460171836318626,4.856560361147517,13734
Naropa University,31.0,City: Midsize,59.0,0.2816901408450704,2.8169014084507045,1.784037558685446,8.92018779342723,0.1877934272300469,73.05164319248826,5.446009389671361,5.258215962441314,2.2535211267605635,1065
Regis University,67.0,City: Large,72.0,0.4927163667523565,5.805484147386461,5.355612682090831,21.44387317909169,0.2356469580119966,56.06255355612683,4.370179948586118,3.984575835475578,2.249357326478149,4668
Albertus Magnus College,50.0,City: Midsize,70.0,0.1568627450980392,1.4901960784313726,30.19607843137255,22.19607843137255,0.1568627450980392,36.3921568627451,3.607843137254902,2.823529411764706,2.980392156862745,1275
University of Bridgeport,47.0,City: Midsize,68.0,0.526579739217653,3.5857572718154462,21.84052156469408,16.574724172517552,0.0,27.35707121364092,0.6519558676028084,2.657973921765296,26.80541624874624,3988
Connecticut College,84.0,City: Small,87.0,0.0,3.4394250513347027,4.363449691991787,11.704312114989731,0.0513347022587269,67.29979466119097,3.285420944558522,2.1560574948665296,7.7002053388090355,1948
Fairfield University,84.0,Suburb: Large,91.0,0.0332281109818906,2.3425818242232928,2.126599102841004,7.443096859943512,0.0166140554909453,77.03937531151354,1.8275461040039875,6.5957800299053,2.5751786010965274,6019
University of Hartford,57.0,City: Midsize,74.0,0.314026517794836,4.727843684577809,14.480111653872992,13.189113747383113,0.104675505931612,53.21004884856944,2.0237264480111654,4.989532449406839,6.960921144452198,5732
University of New Haven,62.0,Suburb: Large,74.0,0.2494613901802925,2.744075291983218,8.73114865631024,12.677174282798504,0.0113391540991042,41.18380768794648,1.0205238689193783,2.8914842952715727,30.490985372491213,8819
Quinnipiac University,77.0,Suburb: Large,88.0,0.0796540737369139,4.506144742831133,4.494765589440146,9.83158852981338,0.0341374601729631,72.33727810650888,2.446517979062358,4.540282203004097,1.729631315430132,8788
Sacred Heart University,73.0,Suburb: Large,85.0,0.0466374405372633,1.85617013338308,4.122749743494078,10.29754687062774,0.0279824643223579,64.65814756086186,2.080029847961944,3.217983397071169,13.69275254174051,10721
University of Saint Joseph,61.0,Suburb: Large,78.0,0.1004016064257028,5.522088353413655,11.947791164658634,15.210843373493976,0.0,61.84738955823293,2.7610441767068274,1.5562248995983934,1.0542168674698795,1992
Trinity College,84.0,City: Midsize,90.0,0.1814058956916099,4.126984126984127,6.167800453514739,8.662131519274377,0.0453514739229024,60.22675736961452,4.217687074829931,2.7664399092970524,13.60544217687075,2205
Wesleyan University,93.0,City: Small,95.0,0.0307408545957577,8.79188441438672,5.625576391023671,10.790039963110974,0.0614817091915155,53.64279126959729,7.039655702428528,2.766676913618199,11.251152782047342,3253
Yale University,98.0,City: Midsize,98.0,0.284244721169464,16.79750947482404,6.876015159718463,11.46453708716838,0.142122360584732,35.63210611802924,5.380346507850568,1.2249593936112615,22.198159177043856,14776
Goldey-Beacom College,67.0,Suburb: Large,72.0,0.0988142292490118,2.075098814229249,17.885375494071145,11.067193675889328,0.0988142292490118,31.12648221343873,4.150197628458498,5.0395256916996045,28.458498023715418,1012
Wilmington University,20.0,Suburb: Large,56.0,0.4208273894436519,3.152639087018545,20.85592011412268,11.947218259629102,0.1355206847360913,48.60912981455064,3.6019971469329533,2.810271041369472,8.466476462196862,14020
American University,79.0,City: Large,86.0,0.0936262153402952,6.186532229024127,9.564277997839394,11.544832553114873,0.0792221822110191,50.93266114512064,4.501260352898812,6.344976593446165,10.75261073100468,13885
The Catholic University of America,76.0,City: Large,88.0,0.1207729468599033,3.3816425120772946,8.071658615136876,12.84219001610306,0.0805152979066022,59.0780998389694,4.891304347826087,3.4420289855072466,8.091787439613526,4968
Gallaudet University,44.0,City: Large,73.0,0.6051437216338881,5.219364599092285,15.658093797276852,18.683812405446293,0.6051437216338881,46.14220877458396,2.1936459909228443,4.9167927382753405,5.975794251134644,1322
George Washington University,85.0,City: Large,90.0,0.1503527506842977,12.317359959905932,10.054358302170478,10.17772466170631,0.123366359535834,45.83060256756236,3.9207371139982263,4.541424110412891,12.884074174023672,25939
Georgetown University,96.0,City: Large,97.0,0.1048417842165459,11.446816622188337,6.600266869996188,8.244376667937477,0.1239039268013724,44.166984369043085,3.9982844071673656,8.673274876096073,16.641250476553566,20984
Howard University,70.0,City: Large,88.0,0.9079621294428062,3.437839515753531,66.59164985255316,6.340214185938227,0.1396864814527394,1.094210771379792,4.5087692068912,12.276889647679653,4.702778208908893,12886
Trinity Washington University,38.0,City: Large,69.0,0.1055408970976253,1.2137203166226913,53.61477572559367,28.49604221635884,0.0,4.063324538258575,2.1108179419525066,9.604221635883906,0.79155672823219,1895
Barry University,39.0,Suburb: Large,56.0,0.2443230813452141,4.0528887611382585,27.004886461626903,32.50934176487497,0.1293475136533486,24.31733256682955,2.759413624604772,3.4348950847944817,5.54757114113251,6958
Bethune-Cookman University,35.0,City: Small,51.0,0.1833516685001833,0.0733406674000733,79.83131646497984,5.83058305830583,0.0,0.7334066740007334,2.566923359002567,7.774110744407774,3.0069673634030067,2727
Lynn University,52.0,City: Small,74.0,0.2272727272727272,1.619318181818182,11.392045454545457,18.380681818181817,0.0568181818181818,44.91477272727273,2.784090909090909,4.886363636363637,15.738636363636363,3520
Eckerd College,68.0,City: Large,77.0,0.2007024586051179,2.0572002007024586,2.458605117912694,9.131961866532864,0.1003512293025589,75.96588058203713,5.720020070245861,0.3010536879076769,4.064224786753638,1993
Edward Waters University,30.0,City: Large,59.0,0.2540220152413209,0.5080440304826418,85.01270110076207,3.4716342082980525,0.2540220152413209,4.657070279424217,3.3869602032176123,2.3708721422523285,0.0846740050804403,1181
Embry-Riddle Aeronautical University-Daytona Beach,63.0,City: Small,82.0,0.1844481118338025,3.7472090088340937,4.465585865449957,29.560236870206776,0.1262013396757596,44.29667022619163,3.786040190272789,2.766721677507038,11.066886710028152,10301
Flagler College,57.0,Suburb: Small,69.0,0.1906214258482653,1.0293556995806328,3.431185665268776,12.276019824628287,0.1906214258482653,72.24552039649257,3.545558520777736,4.384292794510103,2.706824247045368,2623
AdventHealth University,55.0,City: Large,67.0,0.062111801242236,5.962732919254658,14.844720496894409,32.98136645962733,0.3105590062111801,31.5527950310559,3.9751552795031055,7.329192546583851,2.981366459627329,1610
Florida Institute of Technology,67.0,City: Small,75.0,0.2525556223692122,2.6097414311485267,6.578472639807577,15.935057125676488,0.1803968731208659,46.590499098015634,2.814191220685508,5.544197233914612,19.494888755261574,8315
Florida Memorial University,35.0,Suburb: Large,54.0,0.1759014951627089,0.0879507475813544,74.49428320140721,7.827616534740544,0.0,1.4072119613016711,0.3518029903254178,2.198768689533861,13.456464379947231,1137
Florida Southern College,68.0,City: Midsize,77.0,0.4876562023773239,2.43828101188662,7.131971959768363,14.446814995428223,0.1219140505943309,68.24138982017678,2.5906735751295336,0.6400487656202377,3.901249619018592,3281
Jacksonville University,53.0,City: Large,63.0,0.3127443315089914,3.1013812874641644,16.810007818608288,12.978889757623143,0.2866823038832421,52.61923377638781,3.9353661714881416,3.674745895230649,6.280948657805577,3837
University of Miami,84.0,City: Small,92.0,0.1133903721265848,4.628388825894238,8.88052778064117,24.564477888877438,0.1546232347180703,41.72765694258324,3.5666426141634884,4.210906092155448,12.153386248840324,19402
Nova Southeastern University,62.0,Suburb: Large,78.0,0.1002482337215963,9.604735535611992,16.416841703265227,31.89803322512889,0.1002482337215963,30.375214817643688,3.0599579912163453,4.258163070460188,4.186557189230475,20948
Palm Beach Atlantic University,56.0,City: Midsize,76.0,0.2612330198537095,2.0637408568443054,9.32601880877743,17.972831765935215,0.1044932079414838,53.47439916405433,2.2988505747126435,7.079414838035528,7.41901776384535,3828
Ringling College of Art and Design,77.0,City: Small,84.0,0.2346041055718475,9.853372434017595,3.225806451612903,14.193548387096774,0.2346041055718475,43.87096774193549,4.926686217008798,2.404692082111437,21.05571847507332,1705
Rollins College,78.0,Suburb: Large,86.0,0.1980851766259491,3.598547375371409,6.338725652030373,17.629580719709477,0.1320567844172994,57.34565863321228,3.961703532518983,1.914823374050842,8.880818752063387,3029
Saint Leo University,49.0,Suburb: Small,54.0,0.3222026947861746,1.718414372192931,20.74790080062488,14.489357547354032,0.0781097441905877,28.978715094708065,1.845342706502636,24.965826986916618,6.854130052724078,10242
St. Thomas University,43.0,Suburb: Large,53.0,0.1569858712715855,1.098901098901099,20.62794348508634,46.60910518053375,0.141287284144427,12.653061224489797,1.9780219780219777,10.21978021978022,6.5149136577708,6370
Stetson University,64.0,City: Small,68.0,0.3309572301425661,2.3421588594704685,9.85234215885947,18.406313645621186,0.1018329938900203,56.87372708757638,4.557026476578412,2.189409368635438,5.346232179226069,3928
Southeastern University,43.0,City: Midsize,67.0,0.6969334926324173,2.100756670649144,11.479490242931105,21.575069693349263,0.368379131819992,54.90840302668259,3.405017921146954,3.0665073675826364,2.399442453205894,10044
The University of Tampa,66.0,City: Large,81.0,0.1135718341851221,1.6846488737459775,3.1137611205754303,12.303615370054894,0.0662502366079878,66.23130796895703,3.2462615937914068,5.981449933749763,7.259133068332386,10566
Webber International University,33.0,Town: Fringe,67.0,0.529567519858782,0.706090026478376,31.77405119152692,8.384819064430715,0.7943512797881729,40.42365401588703,2.206531332744925,5.648720211827008,9.532215357458076,1133
Agnes Scott College,77.0,Suburb: Large,79.0,0.0897666068222621,6.014362657091562,35.18850987432675,12.567324955116696,0.2692998204667863,34.47037701974865,5.475763016157989,2.423698384201077,3.500897666068223,1114
Point University,26.0,Town: Distant,69.0,0.4962779156327543,1.6377171215880892,23.42431761786601,7.94044665012407,0.1488833746898263,52.80397022332506,7.890818858560794,3.176178660049628,2.481389578163772,2015
Clark Atlanta University,46.0,City: Large,71.0,0.1,0.075,60.1,0.2249999999999999,0.0,0.425,0.0,38.175,0.8999999999999999,4000
Berry College,65.0,Suburb: Small,83.0,0.211864406779661,2.8389830508474576,8.559322033898304,10.127118644067796,0.0847457627118644,72.54237288135593,4.576271186440678,0.6355932203389831,0.423728813559322,2360
Brenau University,46.0,City: Small,55.0,0.2958579881656805,2.921597633136095,28.2914201183432,10.428994082840235,0.0739644970414201,47.59615384615385,3.143491124260355,5.177514792899409,2.071005917159764,2704
Emmanuel College,37.0,Town: Distant,65.0,0.0497017892644135,4.6222664015904575,6.113320079522863,11.58051689860835,0.1491053677932405,64.06560636182903,2.68389662027833,10.139165009940358,0.5964214711729622,2012
Emory University,90.0,City: Large,95.0,0.080857085102082,17.545987467151807,12.701300451452058,9.271612425038745,0.0471666329762145,37.07297351930463,4.076544707229971,2.0079509467017047,17.195606765042786,14841
Life University,31.0,City: Small,70.0,1.452960406828914,3.922993098438068,20.81365782782419,20.777333817653467,0.0,41.264075553941154,0.0,3.632401017072285,8.136578278241918,2753
Mercer University,74.0,City: Midsize,86.0,0.1462481718978512,8.381145235684553,31.949600629992126,6.581167735403308,0.1012487343908201,44.12194847564406,3.239959500506244,2.463719203509956,3.014962312971088,8889
Morehouse College,59.0,City: Large,80.0,0.0389559797428905,0.0,98.44176081028438,0.0389559797428905,0.0,0.1947798987144526,0.8180755746007012,0.0,0.4674717569146864,2567
Oglethorpe University,57.0,Suburb: Large,76.0,0.335345405767941,3.8900067069081152,22.132796780684107,22.468142186452045,0.0670690811535882,38.43058350100604,3.8900067069081152,2.1462105969148224,6.639839034205232,1491
Piedmont University,48.0,Town: Distant,68.0,0.2170374389582203,1.1394465545306565,16.277807921866522,7.921866521975041,0.0,68.09549647314161,1.6820401519262074,3.85241454150841,0.8138903960933261,1843
Reinhardt University,37.0,Rural: Fringe,57.0,0.7011393514461,0.9640666082383872,20.42068361086766,7.975460122699387,0.175284837861525,57.40578439964943,2.0157756354075373,6.134969325153374,4.206836108676599,1141
Savannah College of Art and Design,73.0,City: Midsize,81.0,0.5422200560497137,5.629340806628488,11.04544900694529,6.323869867186548,0.2010478859510174,47.910320458145485,0.2802485682953576,5.020104788595102,23.047398562203,16414
Shorter University,32.0,City: Small,72.0,0.594059405940594,1.2541254125412542,17.557755775577558,9.372937293729374,0.198019801980198,63.102310231023104,3.2343234323432344,2.7722772277227725,1.914191419141914,1515
Spelman College,74.0,City: Large,89.0,0.9348807221147646,1.3539651837524178,84.71953578336557,0.0,0.1934235976789168,7.059961315280464,1.1927788523533205,4.094132817537073,0.4513217279174726,3102
Thomas University,67.0,Town: Distant,36.0,0.1306335728282168,1.6982364467668192,28.935336381450032,4.702808621815806,0.0,38.60222077073808,0.0,25.66949706074461,0.2612671456564337,1531
Toccoa Falls College,46.0,Town: Distant,60.0,0.0977517106549364,3.372434017595308,10.654936461388074,6.500488758553274,0.1466275659824047,74.68230694037146,2.541544477028348,1.270772238514174,0.7331378299120235,2046
Truett McConnell University,46.0,Town: Distant,69.0,0.2503576537911302,2.1816881258941345,9.763948497854075,4.113018597997139,0.1072961373390558,75.92989985693849,0.0,6.044349070100143,1.6094420600858368,2796
Young Harris College,49.0,Rural: Remote,68.0,0.6618133686300464,1.3898080741230974,8.40502978160159,6.485771012574454,0.3970880211780278,64.1958967571145,3.441429516876241,10.390469887491726,4.632693580410324,1511
Chaminade University of Honolulu,66.0,City: Large,71.0,0.295483326298016,24.69396369776277,2.490502321654706,11.90375685943436,11.90375685943436,12.959054453355847,13.296749683410722,21.27479949345716,1.1819333051920642,2369
Hawaii Pacific University,45.0,City: Large,59.0,0.3281378178835111,12.284659557013946,4.470877768662838,17.063166529942574,6.583264971287941,20.98031173092699,24.56931911402789,2.235438884331419,11.484823625922887,4876
The College of Idaho,60.0,Suburb: Midsize,76.0,0.7393715341959335,1.8484288354898335,2.033271719038817,13.77079482439926,0.6469500924214419,55.17560073937153,5.730129390018484,2.5878003696857674,17.46765249537893,1082
Northwest Nazarene University,58.0,Suburb: Midsize,72.0,0.6749156355455568,1.574803149606299,1.687289088863892,11.754780652418448,0.4499437570303712,76.77165354330708,5.230596175478065,1.0686164229471318,0.7874015748031495,1778
Brigham Young University-Idaho,54.0,Town: Distant,68.0,0.2184877856030495,1.4108732538409687,2.698556586012133,18.580759128838064,0.6996257815587011,63.20572716918858,1.9013086023754735,7.84231690026265,3.442344792320387,43023
School of the Art Institute of Chicago,67.0,City: Large,79.0,0.2265005662514156,9.682899207248015,4.55832389580974,11.15515288788222,0.0283125707814269,35.53227633069083,3.5107587768969424,4.388448471121178,30.91732729331823,3532
Augustana College,78.0,City: Small,81.0,0.085142613878246,2.852277564921243,3.916560238399319,12.77139208173691,0.0,60.70668369518945,3.533418475947212,1.277139208173691,14.857386121753938,2349
Aurora University,60.0,Suburb: Large,73.0,0.1858736059479553,3.109158499493072,7.654613044947617,32.05474822575194,0.1182832037850625,47.61743832375803,2.41635687732342,6.30280500168976,0.5407232173031429,5918
Bradley University,76.0,City: Midsize,83.0,0.3242074927953891,4.556916426512968,9.14985590778098,11.653458213256483,0.0540345821325648,60.93299711815562,2.719740634005764,2.809798270893372,7.798991354466858,5552
University of Chicago,96.0,City: Large,99.0,0.070887180326081,15.557009651562243,5.174764163803915,10.682152789137902,0.0218114401003326,31.91013686678663,4.307759419815693,2.0938982496319323,30.18158023883527,18339
Columbia College Chicago,47.0,City: Large,67.0,0.1053265121877821,3.47577490219681,16.942521817634667,25.14294312368342,0.0902798675895275,43.665362624134815,4.860066205236232,1.1284983448690942,4.58922660246765,6646
Concordia University-Chicago,48.0,Suburb: Large,58.0,0.2614867388868136,2.4094135225999254,15.95069107209563,16.71647366454987,0.2054538662682107,51.9611505416511,3.249906611878969,5.248412401942472,3.997011580127008,5354
DePaul University,69.0,City: Large,84.0,0.0908352058134531,10.93847110006215,8.8205765645169,19.6347468566238,0.0717120045895682,46.17775015537601,3.719462638045609,2.9258497872543865,7.620595687718124,20917
Elmhurst University,64.0,Suburb: Large,80.0,0.1340123291342803,6.941838649155723,5.655320289466631,25.328330206378983,0.0804073974805682,49.77217904047173,2.5462342535513267,4.690431519699812,4.851246314660949,3731
Greenville University,58.0,Town: Distant,76.0,0.1838235294117647,0.3676470588235294,12.224264705882351,6.893382352941177,0.2757352941176471,60.20220588235294,2.6654411764705883,5.147058823529411,12.040441176470589,1088
Benedictine University,53.0,Suburb: Large,67.0,0.5123278898495036,15.145693243675954,9.542106948447008,14.31316042267051,0.2881844380403458,38.13640730067243,1.857188600704451,18.379763048350945,1.8251681075888568,3123
Illinois Wesleyan University,79.0,City: Small,82.0,0.1309757694826457,7.138179436804191,7.334643091028161,9.102815979043877,0.1309757694826457,68.762278978389,2.161100196463654,0.5893909626719057,4.649639816633923,1527
Illinois College,67.0,Town: Distant,73.0,0.1943634596695821,0.9718172983479106,8.551992225461614,10.10689990281827,0.0,70.94266277939747,2.915451895043732,1.4577259475218658,4.8590864917395535,1029
Illinois Institute of Technology,75.0,City: Large,85.0,0.0432089874693936,9.549186230735993,3.816793893129771,11.479187671035575,0.0864179749387872,27.221662105717996,2.390897306639781,2.5493302606942247,42.86331556963848,6943
Knox College,75.0,Town: Distant,82.0,0.2835538752362949,4.44234404536862,6.332703213610586,13.137996219281664,0.0,48.582230623818525,6.238185255198488,2.74102079395085,18.24196597353497,1058
Lake Forest College,78.0,Suburb: Large,85.0,0.3993154592127781,6.217912150598973,3.4227039361095266,20.13690815744438,0.1711351968054763,47.46149458071877,3.080433542498574,3.993154592127781,15.116942384483744,1753
Lewis University,62.0,Suburb: Large,81.0,0.107477352986335,5.512052817442039,5.926608321817903,18.11761093198219,0.1381851681252879,49.34745892829725,2.257024412713036,1.0901274374328267,17.503454629203134,6513
Loyola University Chicago,71.0,City: Large,81.0,0.1005976685010947,12.071720220131368,7.077341854547606,18.474465944730454,0.0769276288537783,52.2575300313628,4.195514527486834,2.2900763358778624,3.455825788508196,16899
McKendree University,55.0,Suburb: Large,75.0,0.1530612244897959,0.2551020408163265,10.76530612244898,5.86734693877551,0.1020408163265306,59.94897959183674,5.918367346938775,5.918367346938775,11.071428571428571,1960
Millikin University,58.0,City: Small,70.0,0.1660210293303818,2.102933038184837,17.432208079690096,4.095185390149418,0.1660210293303818,65.13558384061982,2.6563364692861096,1.770890979524073,6.474820143884892,1807
Moody Bible Institute,61.0,City: Large,75.0,0.2489626556016597,3.983402489626556,8.38174273858921,8.091286307053942,0.0829875518672199,56.09958506224066,2.946058091286307,9.253112033195022,10.91286307053942,2410
National Louis University,31.0,City: Large,61.0,0.1461794019933554,2.485049833887043,19.24252491694352,37.67441860465116,0.0398671096345515,28.624584717607977,1.9667774086378735,7.136212624584718,2.6843853820598005,7525
North Central College,63.0,City: Midsize,77.0,0.111317254174397,4.601113172541744,5.343228200371057,15.695732838589985,0.0,62.78293135435993,2.6345083487940637,4.823747680890538,4.007421150278293,2695
North Park University,55.0,City: Large,71.0,0.2255639097744361,8.1203007518797,10.075187969924812,27.368421052631582,0.2255639097744361,36.31578947368421,3.007518796992481,5.939849624060151,8.721804511278195,2660
Northwestern University,97.0,City: Small,98.0,0.0949872630715426,15.96217779888606,5.595613315487241,10.060014679849749,0.0733992487371011,36.95868054056388,4.572341436034714,5.984197573507189,20.69858814386253,23161
Olivet Nazarene University,67.0,Suburb: Small,77.0,0.2457757296466974,3.0414746543778803,9.216589861751151,11.551459293394778,1.1367127496159757,65.83717357910906,3.655913978494624,3.8095238095238098,1.5053763440860215,3255
Quincy University,50.0,Town: Remote,69.0,0.0765110941086457,1.300688599846978,8.951798010711553,5.58530986993114,0.0,74.44529456771232,0.2295332823259372,4.361132364192808,5.049732211170619,1307
Rockford University,40.0,City: Midsize,64.0,0.1693480101608806,1.6088060965283657,10.83827265029636,14.394580863674852,0.0846740050804403,40.13547840812871,2.7095681625740897,21.16850127011008,8.890770533446233,1181
Roosevelt University,43.0,City: Large,60.0,0.3758389261744966,5.906040268456376,19.24832214765101,28.7248322147651,0.0805369127516778,33.422818791946305,3.328859060402684,3.946308724832215,4.966442953020135,3725
Dominican University,59.0,Suburb: Large,75.0,0.1251564455569462,3.3479349186483107,6.351689612015019,52.816020025031285,0.0625782227784731,32.07133917396746,1.1576971214017522,3.254067584480601,0.8135168961201502,3196
University of St Francis,65.0,Suburb: Large,71.0,0.1819836214740673,3.5183500151653018,8.128601759175009,20.260843190779497,0.1516530178950561,62.75401880497422,2.396117682741887,1.1525629360024263,1.4558689717925388,3297
Saint Xavier University,53.0,City: Large,71.0,0.0851546977008231,2.270791938688617,12.035197275049674,44.73460119216577,0.0851546977008231,35.395969344308824,2.327561737155833,3.065569117229634,0.0,3523
Trinity International University-Illinois,50.0,Suburb: Large,71.0,0.0805152979066022,6.521739130434782,10.305958132045088,9.742351046698872,0.322061191626409,43.88083735909823,2.49597423510467,5.877616747181964,20.77294685990338,1242
Wheaton College,88.0,Suburb: Large,90.0,0.1039861351819757,8.873483535528596,2.8422876949740035,7.279029462738301,0.0346620450606585,67.59098786828423,5.37261698440208,1.559792027729636,6.34315424610052,2885
Anderson University,59.0,City: Small,69.0,0.0,1.3953488372093024,11.24031007751938,5.038759689922481,0.0,72.17054263565892,4.728682170542635,3.1782945736434107,2.248062015503876,1290
Anderson University,59.0,City: Small,69.0,0.1213297743266197,1.528755156515409,7.959233195826256,0.0,0.0242659548653239,80.78136374666343,0.0,9.58505217180296,0.0,4121
Bethel University,57.0,City: Small,71.0,0.1547987616099071,1.9349845201238391,7.430340557275541,10.371517027863778,0.0,68.65325077399382,4.179566563467492,0.696594427244582,6.578947368421052,1292
Bethel University,57.0,City: Small,71.0,0.4512126339537508,4.935138183869149,6.768189509306261,5.950366610265088,0.1692047377326565,74.98589960518895,3.5815002820078963,2.538071065989848,0.6204173716864072,3546
Bethel University,57.0,City: Small,71.0,0.3841229193341869,1.301749893299189,29.492104139991465,4.6521553563807085,0.1707212974818608,53.71318822023048,4.460093896713615,3.35040546308152,2.4754588134869824,4686
Butler University,81.0,City: Large,89.0,0.1628959276018099,3.945701357466063,4.579185520361992,5.936651583710408,0.0,79.83710407239819,3.276018099547511,0.9773755656108596,1.2850678733031675,5525
DePauw University,79.0,Town: Distant,92.0,0.0,2.682648401826484,5.707762557077626,7.9908675799086755,0.0,58.9041095890411,2.4543378995433787,1.36986301369863,20.89041095890411,1752
University of Evansville,65.0,City: Midsize,80.0,0.2974714923153198,3.371343579573624,6.197322756569163,4.759543877045116,0.0991571641051065,72.7317798710957,3.619236489836391,4.561229548834903,4.36291522062469,2017
Grace College and Theological Seminary,66.0,Town: Distant,79.0,0.2421307506053268,1.6464891041162228,3.922518159806295,6.973365617433414,0.1452784503631961,79.0314769975787,2.5181598062954,1.404358353510896,4.116222760290557,2065
Hanover College,69.0,Town: Distant,78.0,1.5124555160142348,1.690391459074733,6.227758007117438,3.469750889679715,0.0,74.28825622775801,4.893238434163702,3.291814946619217,4.6263345195729535,1124
Huntington University,71.0,Town: Distant,82.0,0.4755434782608696,2.2418478260869565,3.328804347826088,2.377717391304348,0.3396739130434782,82.8125,4.755434782608696,0.0,3.668478260869565,1472
University of Indianapolis,60.0,City: Large,61.0,0.1793543244320446,3.726584296532483,11.23953766440813,7.971303308090873,0.0996412913511359,62.49501793543244,3.347947389398167,4.184934236747708,6.755679553607015,5018
Indiana Institute of Technology,37.0,City: Large,60.0,0.1926782273603083,0.92485549132948,9.171483622350674,5.472061657032755,0.3082851637764933,27.47591522157996,1.84971098265896,39.383429672447015,15.221579961464354,2595
Manchester University,48.0,Town: Distant,68.0,0.1643385373870172,2.3007395234182417,8.299096138044373,7.8882497945768275,0.1643385373870172,58.50451930977815,3.61544782251438,18.24157764995892,0.8216926869350863,1217
Marian University,64.0,City: Large,76.0,0.0540394487976222,4.917589840583626,13.753039718994868,10.186436098351797,0.1350986219940556,60.36206430694408,4.917589840583626,3.431504998649014,2.242637125101324,3701
Marian University,64.0,City: Large,76.0,0.9701492537313432,1.791044776119403,5.149253731343284,8.134328358208954,0.0746268656716418,73.88059701492537,2.3134328358208958,3.955223880597015,3.731343283582089,1340
Indiana Wesleyan University-Marion,67.0,Town: Distant,78.0,0.2689204763734153,2.1129466000768344,6.069919323857087,4.1490587783326935,0.0384172109104879,80.13830195927775,3.073376872839032,2.7660391855551287,1.3830195927775644,2603
University of Notre Dame,96.0,Suburb: Large,97.0,0.1526135062953071,5.059137733689432,3.5864173979397176,11.690194582220528,0.1220908050362457,59.99236932468524,5.059137733689432,1.2056466997329265,13.132392216711178,13105
Rose-Hulman Institute of Technology,81.0,City: Small,92.0,0.2742230347349177,7.815356489945155,3.70201096892139,5.118829981718465,0.0,67.82449725776965,5.850091407678245,1.279707495429616,8.135283363802559,2188
University of Saint Francis-Fort Wayne,56.0,City: Large,68.0,0.2627430373095113,1.8392012611665791,9.931686810299526,8.723068838675776,0.1576458223857068,70.67787703625854,3.836048344718865,2.207041513399895,2.364687335785602,1903
Saint Mary-of-the-Woods College,52.0,Rural: Fringe,67.0,0.5231037489102005,1.4821272885789014,7.497820401046207,8.195292066259809,0.1743679163034001,74.19354838709677,4.3591979075850045,2.4411508282476024,1.1333914559721012,1147
Saint Mary's College,75.0,Suburb: Large,83.0,0.0,1.7774851876234363,1.9749835418038184,14.21988150098749,0.0658327847267939,75.64186965108625,2.7649769585253456,2.699144173798552,0.8558262014483212,1519
Taylor University,78.0,Town: Distant,91.0,0.1800990544799639,2.9716343989194054,3.376857271499325,4.637550652859073,0.3151733453399369,79.73885637100405,2.3863124718595228,1.7559657811796487,4.637550652859073,2221
Trine University,65.0,Town: Distant,78.0,0.2201565557729941,1.908023483365949,3.326810176125244,5.797455968688845,0.0489236790606653,78.98727984344423,2.862035225048924,5.650684931506849,1.1986301369863013,4088
Valparaiso University,70.0,Suburb: Large,77.0,0.0676132521974307,2.636916835699797,6.220419202163624,9.060175794455713,0.0,63.48884381338742,2.8735632183908044,1.757944557133198,13.894523326572008,2958
Buena Vista University,58.0,Town: Remote,76.0,0.5575266092245312,0.8109477952356817,2.7369488089204257,9.579320831221487,0.2027369488089204,80.43588443993917,2.1287379624936644,2.787633046122656,0.7602635580334516,1973
